0.000100012 12460.13
1.0625E-4 12087.51
1.125E-4 11746.37
1.1875E-4 11432.51
1.25E-4 11142.49
1.375E-4 10622.9
1.5E-4 10169.65
1.625E-4 9769.716
1.75E-4 9413.406
1.875E-4 9093.316
2.0E-4 8803.697
2.1875E-4 8416.698
2.375E-4 8076.435
2.5625E-4 7774.192
2.75E-4 7503.373
2.9375E-4 7258.88
3.125E-4 7036.703
3.3125E-4 6833.638
3.5E-4 6647.091
3.875E-4 6315.406
4.25E-4 6028.569
4.625E-4 5777.295
5.0E-4 5554.785
5.3125E-4 5387.609
5.625E-4 5234.531
5.9375E-4 5093.67
6.25E-4 4963.481
6.875E-4 4730.184
7.5E-4 4526.603
8.125E-4 4346.911
8.75E-4 4186.764
9.375E-4 4042.85
0.001 3912.593
0.0010625 3793.955
0.001125 3685.301
0.0011875 3585.3
0.00125 3492.857
0.001375 3327.153
0.0015 3182.497
0.001625 3054.763
0.00175 2940.877
0.001875 2838.493
0.002 2745.788
0.0021875 2621.807
0.002375 2512.691
0.0025625 2415.678
0.00275 2328.679
0.0029375 2250.075
0.003125 2178.593
0.0033125 2113.215
0.0035 2053.113
0.0036875 1997.608
0.003875 1946.137
0.00425 1853.491
0.004625 1772.218
0.005 1700.158
0.0053125 1645.967
0.005625 1596.309
0.0059375 1550.583
0.00625 1508.292
0.006875 1432.418
0.0075 1366.1
0.008125 1307.474
0.00875 1255.167
0.009375 1208.129
0.01 1165.539
0.010625 1126.745
0.01125 1091.223
0.011875 1058.546
0.0125 1028.359
0.013125 1000.362
0.01375 974.3008
0.015 927.1459
0.01625 885.5257
0.0175 848.4576
0.01875 815.2008
0.02 785.1676
0.021325 756.3264
0.02265 730.1237
0.023975 706.1958
0.0253 684.2442
0.02665079 663.6426
0.02800157 644.6183
0.02935235 626.99
0.03070313 610.6063
0.03205391 595.3393
0.03340469 581.0803
0.03610625 555.2248
0.03880782 532.3878
0.04150938 512.0226
0.04421094 493.7451
0.0469125 477.279
0.05 460.3786
0.053125 445.0684
0.05625 431.3177
0.059375 418.9262
0.0625 407.7297
0.065625 397.5922
0.06875 388.4005
0.071875 380.0602
0.075 372.4959
0.078125 365.6493
0.08125 359.4633
0.0875 348.802
0.09375 340.1512
0.1 333.3305
0.10625 328.18
0.1125 324.5834
0.11875 322.4664
0.125 321.7918
0.13125 322.5559
0.1375 324.7875
0.14375 328.5484
0.15 333.9362
0.15625 341.086
0.1625 350.165
0.16875 361.391
0.171875 367.9118
0.175 375.1073
0.178125 383.0321
0.18125 391.7429
0.184375 401.3037
0.1875 411.788
0.190625 423.2809
0.19375 435.8796
0.196875 449.696
0.2 464.8593
0.2035549 483.9362
0.2071097 505.203
0.2106645 528.958
0.2142193 555.5524
0.2177741 585.4031
0.2213289 619.0087
0.2231063 637.4021
0.2248837 656.9678
0.2266611 677.8001
0.2284385 700.0028
0.2315086 741.9225
0.2345787 788.9535
0.2361138 814.6319
0.2376488 841.8988
0.2391838 870.881
0.2407188 901.7155
0.2422539 934.5553
0.2437889 969.5616
0.2453239 1006.919
0.2468589 1046.829
0.248394 1089.514
0.249929 1135.213
0.251464 1184.194
0.252999 1236.75
0.2542916 1284.012
0.2560691 1353.894
0.2578465 1429.969
0.2596239 1512.882
0.2614013 1603.331
0.2631787 1702.074
0.2649561 1809.918
0.2667335 1927.709
0.2685109 2056.317
0.2702883 2196.602
0.2720657 2349.374
0.2738431 2515.335
0.2756205 2695.007
0.2773979 2888.635
0.2791753 3096.083
0.2809527 3316.705
0.28273 3549.213
0.2846525 3811.745
0.2865749 4082.107
0.2884973 4355.387
0.2904197 4625.446
0.2923422 4885.091
0.2942646 5126.317
0.296187 5340.818
0.2981094 5520.475
0.2998571 5647.383
0.3016047 5734.909
0.3033524 5779.826
0.3051 5780.406
0.3063234 5754.323
0.3075468 5706.895
0.3087702 5638.958
0.3099935 5551.699
0.3112169 5446.588
0.3124402 5325.376
0.3136636 5189.968
0.3148869 5042.44
0.3169653 4769.97
0.3190436 4478.94
0.321122 4178.993
0.3232003 3878.649
0.3252787 3584.864
0.327357 3303.022
0.3294354 3036.872
0.3315137 2788.792
0.3333671 2583.757
0.3352205 2394.209
0.3370739 2219.887
0.3389272 2060.215
0.3407806 1914.377
0.3426339 1781.463
0.3444873 1660.472
0.3463406 1550.423
0.348194 1450.331
0.3500473 1359.283
0.3519007 1276.409
0.353754 1200.92
0.3556074 1132.082
0.3574607 1069.246
0.359314 1011.815
0.3611673 959.2564
0.3625995 921.6737
0.3640316 886.5181
0.3654638 853.6021
0.3668959 822.7632
0.3683281 793.8437
0.3697602 766.7074
0.3711923 741.2236
0.3726244 717.2748
0.3740566 694.7518
0.3754887 673.5591
0.378353 634.8043
0.3812173 600.3739
0.3840815 569.7324
0.3859349 551.7065
0.3877882 534.9686
0.3896416 519.4201
0.3914949 504.9753
0.3933483 491.5538
0.3952016 479.0856
0.397055 467.5047
0.3989083 456.7538
0.402615 437.5328
0.4063217 421.0556
0.4100284 407.021
0.413735 395.183
0.4167678 386.989
0.4198006 380.0398
0.4228334 374.2602
0.4258661 369.5892
0.4288989 365.9772
0.4319316 363.3869
0.4349644 361.7911
0.4379971 361.1726
0.4406929 361.4372
0.4433887 362.4693
0.4460845 364.2759
0.4487802 366.8703
0.451476 370.2723
0.4541718 374.5078
0.4568676 379.6104
0.4595633 385.6207
0.46327 395.4599
0.4669767 407.2688
0.4706834 421.2452
0.4743901 437.6353
0.4780968 456.7428
0.4818035 478.941
0.4855102 504.6842
0.4873636 519.0529
0.4892169 534.5212
0.4919127 559.165
0.4946085 586.6209
0.5 651.4174
0.5063288 748.6002
0.5094932 808.1372
0.5126575 876.7769
0.5158219 956.2537
0.5189863 1048.648
0.5221507 1156.435
0.525315 1282.495
0.5294999 1482.877
0.5336847 1729.144
0.5378696 2029.095
0.539962 2200.984
0.5420544 2387.816
0.5441469 2589.236
0.5462393 2804.197
0.5483317 3030.883
0.5504241 3266.567
0.554609 3749.205
0.5587938 4211.61
0.5621954 4537.556
0.5655969 4788.316
0.5689985 4939.858
0.5724 4976.71
0.5764819 4864.963
0.5805638 4599.524
0.5846425 4217.432
0.5887212 3765.625
0.5927999 3290.789
0.5968786 2830.884
0.6009573 2411.192
0.605036 2044.458
0.6091147 1733.597
0.6131933 1475.243
0.6159676 1326.235
0.6187418 1196.162
0.6215161 1082.677
0.6242903 983.5974
0.6270646 896.9351
0.6298388 820.9487
0.632613 754.118
0.6353872 695.1404
0.6409357 596.4686
0.6464841 517.9287
0.6520326 454.5067
0.657581 402.6234
0.6631295 359.6907
0.668678 323.805
0.6742265 293.5345
0.6797749 267.7865
0.6853234 245.7177
0.6908718 226.6753
0.6964203 210.1453
0.7019687 195.7179
0.7130656 171.8755
0.7241625 153.0877
0.7352594 138.0246
0.7463563 125.8266
0.755868 117.1728
0.7653796 109.8598
0.7844029 98.37134
0.8034262 90.046
0.8224494 84.11143
0.8414727 79.96434
0.860496 77.20014
0.8795193 75.67793
0.8985425 75.28745
0.9239069 76.45038
0.9492713 79.60305
0.9746357 85.00995
1.0 93.1168
1.016522 100.2858
1.033044 109.4405
1.049566 121.0941
1.066088 136.0024
1.08261 155.2428
1.090871 166.9738
1.099132 180.4986
1.107393 196.2106
1.115654 214.5955
1.123915 236.2639
1.132175 262.0073
1.13995 290.911
1.147725 325.5525
1.1555 367.5325
1.163275 419.0472
1.17105 483.1861
1.178825 564.4246
1.182713 613.4257
1.1866 669.4095
1.190488 733.7729
1.194375 808.1677
1.199235 918.5198
1.204094 1052.911
1.208954 1217.831
1.211384 1314.138
1.213813 1421.088
1.216243 1539.947
1.218673 1671.892
1.221103 1818.139
1.223532 1979.776
1.225962 2157.967
1.228391 2353.378
1.230821 2566.666
1.23325 2797.715
1.236272 3109.281
1.239294 3445.241
1.242316 3801.275
1.245338 4170.973
1.251382 4915.278
1.257425 5589.109
1.261019 5914.542
1.264613 6158.852
1.268207 6306.116
1.2718 6346.429
1.274675 6299.654
1.27755 6184.737
1.281484 5926.755
1.285417 5571.443
1.289351 5144.632
1.293284 4674.75
1.301151 3709.894
1.305085 3256.247
1.309018 2840.057
1.31198 2555.455
1.314942 2296.936
1.317904 2064.382
1.320866 1856.791
1.323828 1672.568
1.32679 1509.759
1.329752 1366.25
1.332713 1239.951
1.335675 1128.732
1.338637 1030.741
1.341599 944.263
1.344561 867.7726
1.350485 739.5963
1.356408 637.5798
1.361444 566.5853
1.366479 506.9368
1.371514 456.3739
1.376549 413.1612
1.381585 375.9394
1.38662 343.6609
1.391655 315.4772
1.39669 290.7193
1.406761 249.4365
1.416831 216.6392
1.426902 190.171
1.436972 168.5274
1.445858 152.5566
1.454744 138.9304
1.46363 127.2197
1.472515 117.0926
1.481401 108.2861
1.490287 100.5938
1.508058 87.89669
1.52583 77.93668
1.543601 70.02119
1.561373 63.7116
1.579144 58.69316
1.60284 53.62155
1.626535 50.08394
1.65023 47.88785
1.673925 46.98333
1.688143 47.09544
1.70236 47.75896
1.716577 49.05814
1.730794 51.11791
1.743827 53.83842
1.756859 57.59857
1.769892 62.76378
1.782924 69.8806
1.789441 74.42167
1.795957 79.80808
1.802473 86.24052
1.808989 93.98713
1.815506 103.4154
1.822022 115.0303
1.828538 129.5479
1.835054 147.9837
1.840978 169.3514
1.846902 196.6492
1.849864 213.1253
1.852826 231.8759
1.855788 253.2351
1.858749 277.5573
1.861711 305.2433
1.864673 336.6775
1.867635 372.241
1.870597 412.2787
1.873559 457.0673
1.876521 506.779
1.882444 620.8661
1.884814 671.625
1.891536 827.6819
1.898257 991.0072
1.904979 1142.703
1.9117 1260.427
1.91685 1314.93
1.922 1331.688
1.92715 1308.885
1.9323 1249.136
1.937175 1164.387
1.94205 1060.038
1.9518 826.335
1.956675 711.9705
1.96155 606.5018
1.966425 512.9033
1.9713 432.3755
1.974888 381.4007
1.978475 337.0512
1.982063 298.7398
1.98565 265.8396
1.989238 237.6607
1.992825 213.5683
1.996413 192.9478
2.0 175.2742
2.00528 153.6443
2.01056 136.1674
2.01584 121.9016
2.021119 110.1351
2.026399 100.3257
2.031679 92.07079
2.036959 85.06315
2.042238 79.06906
2.052798 69.431
2.063357 62.13166
2.073916 56.5239
2.084475 52.1855
2.095035 48.8314
2.105594 46.2661
2.116154 44.35192
2.126713 42.99169
2.137273 42.11642
2.147832 41.68299
2.163012 41.80505
2.178191 42.85287
2.19337 44.97755
2.208549 48.4545
2.216139 50.83784
2.223728 53.76142
2.231318 57.34502
2.238907 61.74961
2.246497 67.20008
2.254086 74.00872
2.261676 82.62218
2.269265 93.67076
2.276195 106.6383
2.283125 123.2957
2.28659 133.3659
2.290055 144.819
2.29352 157.8366
2.296984 172.6013
2.300449 189.306
2.303914 208.1159
2.307379 229.1703
2.310843 252.5529
2.317773 306.3332
2.324702 368.4046
2.332621 445.486
2.340216 518.345
2.347811 580.5634
2.351609 604.5851
2.355406 622.4313
2.359203 633.3109
2.363 636.7376
2.367707 630.4721
2.372413 613.0967
2.377119 585.9108
2.381825 550.8239
2.390687 471.4137
2.399549 387.4889
2.408411 311.007
2.412842 277.7786
2.417273 248.3905
2.423837 211.9348
2.430401 183.3495
2.436965 161.5883
2.443528 145.4973
2.450092 134.0169
2.456655 126.2961
2.463219 121.7041
2.469782 119.8299
2.475616 120.2655
2.483639 124.0466
2.491661 131.7751
2.499683 144.1568
2.503694 152.4576
2.507705 162.4393
2.511717 174.3688
2.515728 188.5544
2.519739 205.3645
2.52375 225.2136
2.527761 248.5554
2.531772 275.8656
2.535783 307.6131
2.539794 344.2203
2.545629 406.781
2.551463 480.5908
2.557298 564.8255
2.563132 657.031
2.571343 791.8658
2.579554 916.7347
2.58366 969.0576
2.587765 1011.286
2.59187 1041.327
2.595975 1057.62
2.599 1060.29
2.602782 1052.34
2.606563 1032.211
2.614125 959.4425
2.621579 855.6694
2.629033 735.065
2.636487 612.1176
2.64394 498.0289
2.650421 411.2793
2.656902 337.9899
2.660143 306.3837
2.663383 277.9749
2.666624 252.5469
2.669864 229.8852
2.673105 209.7295
2.676345 191.8429
2.679586 175.9715
2.682826 161.8951
2.689307 138.2777
2.695788 119.5253
2.701621 105.8484
2.707454 94.52619
2.713287 85.05877
2.71912 77.06353
2.724953 70.24749
2.730786 64.38539
2.736619 59.30288
2.742451 54.86459
2.754117 47.51006
2.765782 41.69903
2.777448 37.02067
2.789113 33.19593
2.802075 29.70743
2.815037 26.83249
2.827999 24.42908
2.840961 22.39436
2.853923 20.65422
2.866885 19.15409
2.892809 16.71468
2.918733 14.83213
2.944657 13.34844
2.970581 12.16079
2.996504 11.20041
3.032798 10.13234
3.069091 9.299215
3.105384 8.649452
3.141677 8.14339
3.177971 7.75289
3.214264 7.458865
3.250557 7.248673
3.28685 7.114631
3.328329 7.050262
3.3724 7.086774
3.41647 7.240631
3.460541 7.531934
3.504611 7.99595
3.548682 8.68849
3.570717 9.145014
3.592752 9.698775
3.614788 10.37765
3.636823 11.21461
3.658858 12.2532
3.680893 13.55574
3.69904 14.88884
3.717187 16.53167
3.735334 18.58635
3.75348 21.20662
3.762554 22.79835
3.771627 24.6284
3.7807 26.74764
3.789773 29.22108
3.798847 32.13395
3.80792 35.59874
3.816993 39.7698
3.826066 44.86229
3.83514 51.18514
3.844213 59.18899
3.84875 64.02127
3.853287 69.5501
3.857824 75.91336
3.86236 83.27742
3.866897 91.84907
3.871434 101.8707
3.875971 113.6305
3.880507 127.4591
3.885044 143.7407
3.88958 162.8829
3.894117 185.332
3.898653 211.516
3.902218 234.986
3.905782 261.177
3.909347 290.2276
3.912911 322.1855
3.92004 394.7114
3.927169 477.4336
3.934408 568.536
3.941647 661.293
3.948886 748.3764
3.956125 821.5541
3.960344 854.627
3.964563 878.9938
3.968782 893.6715
3.973 898.0596
3.978625 887.6703
3.98425 859.5217
3.989369 820.1828
3.994487 770.1157
4.004724 648.8702
4.014961 518.4131
4.025197 397.3863
4.031694 330.7365
4.03819 273.4912
4.044686 225.6718
4.047934 205.1011
4.051182 186.5904
4.054431 169.9877
4.057679 155.1474
4.060927 141.9055
4.064175 130.1061
4.070671 110.2428
4.077167 94.47163
4.0832 82.69171
4.089232 73.06904
4.095264 65.13663
4.101296 58.53333
4.107329 52.98063
4.113361 48.26777
4.119393 44.23079
4.125425 40.74406
4.13749 35.05124
4.149554 30.63092
4.161618 27.12412
4.173682 24.29236
4.186675 21.81105
4.199667 19.7814
4.21266 18.10253
4.225652 16.70161
4.238645 15.52388
4.251637 14.52769
4.277621 12.9549
4.303606 11.79431
4.329591 10.93181
4.355576 10.29713
4.38156 9.842476
4.426105 9.392127
4.47065 9.280348
4.505916 9.406432
4.541181 9.724731
4.576446 10.25831
4.611711 11.0553
4.646976 12.20112
4.664609 12.94672
4.682241 13.84083
4.699874 14.9215
4.717506 16.2438
4.735139 17.8876
4.752771 19.96796
4.766692 22.02991
4.780612 24.59846
4.794533 27.86907
4.801493 29.85792
4.808453 32.15198
4.815414 34.82379
4.822374 37.96806
4.829334 41.71269
4.836294 46.22917
4.843255 51.74903
4.850215 58.57879
4.857175 67.12414
4.864135 77.90381
4.870632 90.54555
4.877128 106.295
4.883624 125.814
4.89012 149.7587
4.896616 178.6912
4.903112 212.959
4.909608 252.5538
4.916104 296.9703
4.925384 366.4374
4.934664 437.8114
4.942998 497.1549
4.951332 545.4418
4.959666 576.892
4.968 587.492
4.976325 575.9269
4.98465 543.856
4.992325 499.7266
5.0 446.2913
5.009193 376.9281
5.018385 308.8694
5.027577 247.6398
5.032173 220.6218
5.036769 196.2511
5.042132 171.1928
5.047494 149.658
5.052856 131.3939
5.058218 116.0752
5.06358 103.341
5.068942 92.82735
5.074304 84.19005
5.079666 77.11822
5.085029 71.34013
5.090391 66.62865
5.095753 62.79281
5.101115 59.67826
5.111839 55.14317
5.122563 52.31139
5.134819 50.60726
5.143246 50.19079
5.151672 50.30289
5.168524 51.96653
5.185377 55.51001
5.202229 61.12929
5.210656 64.86001
5.219082 69.32668
5.227508 74.66212
5.235934 81.0442
5.24436 88.71374
5.252786 98.00062
5.261212 109.3628
5.269638 123.4442
5.278065 141.1592
5.286491 163.796
5.290704 177.5025
5.294917 193.1684
5.29913 211.1258
5.303343 231.7565
5.307556 255.4937
5.311769 282.821
5.315982 314.2679
5.320195 350.4008
5.324408 391.8083
5.328621 439.0802
5.332834 492.7793
5.337047 553.406
5.342027 634.5375
5.347006 726.2494
5.351985 828.5199
5.356964 940.7881
5.361943 1061.872
5.366922 1189.904
5.371901 1322.302
5.37688 1455.815
5.388815 1756.735
5.394783 1882.767
5.40075 1982.801
5.407875 2059.935
5.415 2084.678
5.4207 2065.099
5.428952 1977.531
5.437203 1829.926
5.445455 1638.908
5.453706 1424.039
5.464309 1142.981
5.474912 885.1387
5.480214 771.174
5.485515 668.8327
5.490817 578.3746
5.496118 499.5617
5.500426 443.61
5.504733 394.3892
5.509041 351.2963
5.513348 313.7377
5.517656 281.08
5.521963 252.7437
5.526271 228.1581
5.530578 206.8249
5.534886 188.2773
5.539193 172.1206
5.543501 157.9969
5.547808 145.6109
5.556423 125.0509
5.565038 108.8256
5.572991 96.7016
5.580943 86.65794
5.588896 78.22887
5.596848 71.07697
5.604801 64.94803
5.612753 59.65295
5.620705 55.04463
5.628657 51.00906
5.644562 44.31393
5.660466 39.04265
5.676371 34.8543
5.692275 31.53554
5.705529 29.34522
5.718783 27.64022
5.732037 26.39747
5.745291 25.57506
5.755894 25.15993
5.777947 24.61029
5.788974 24.2712
5.8 23.76459
5.814222 22.8164
5.828444 21.61618
5.856888 19.26171
5.865385 18.74868
5.873882 18.36666
5.882379 18.124
5.890875 18.02298
5.899372 18.06347
5.907869 18.2465
5.922739 18.9278
5.937608 20.14142
5.945043 20.99794
5.952478 22.06509
5.959913 23.39202
5.967347 25.04596
5.974782 27.11955
5.982217 29.73773
5.989652 33.0683
5.997086 37.33116
6.004521 42.80902
6.011956 49.84683
6.015674 54.07517
6.019391 58.84626
6.023108 64.21623
6.026825 70.23943
6.032667 81.14906
6.038509 93.97028
6.044351 108.8165
6.050192 125.7092
6.056034 144.5593
6.061876 165.1226
6.073559 209.5881
6.088428 265.0642
6.095571 287.3409
6.102714 304.5169
6.109857 315.2366
6.117 318.6177
6.125325 312.9566
6.13365 297.612
6.140736 278.1595
6.147822 254.3627
6.161994 200.3243
6.17453 153.3186
6.180798 132.1257
6.187066 113.0567
6.193334 96.29331
6.199602 81.84959
6.20587 69.61353
6.212138 59.38941
6.218976 50.24604
6.225814 42.87738
6.232652 36.96354
6.23949 32.21756
6.246328 28.39491
6.253166 25.29523
6.260004 22.75907
6.266841 20.66254
6.273679 18.90974
6.280517 17.4284
6.287355 16.16339
6.294193 15.07267
6.307869 13.29256
6.321544 11.90715
6.334081 10.8866
6.346617 10.0453
6.359153 9.343347
6.371689 8.752352
6.396762 7.825501
6.421834 7.154017
6.446907 6.675158
6.471979 6.355998
6.497051 6.186169
6.522123 6.178477
6.540357 6.299335
6.558591 6.567087
6.572267 6.905891
6.585943 7.421726
6.592781 7.773311
6.599619 8.209025
6.606457 8.75145
6.613295 9.429732
6.620133 10.28083
6.626971 11.3505
6.633809 12.6936
6.640647 14.37323
6.647485 16.45815
6.654323 19.01787
6.661161 22.11515
6.667998 25.79529
6.673697 29.32195
6.679395 33.2538
6.690791 42.15941
6.713583 61.29165
6.718142 64.67575
6.724857 68.9847
6.731571 72.25275
6.738286 74.26727
6.745 74.89129
6.750575 74.31912
6.75615 72.78384
6.761725 70.357
6.7673 67.14882
6.776641 60.41597
6.785982 52.64546
6.804664 36.90366
6.812731 30.89919
6.820798 25.66087
6.828865 21.24507
6.836932 17.62699
6.840966 16.09386
6.844999 14.72859
6.849033 13.5167
6.853066 12.44463
6.861133 10.66315
6.869199 9.279197
6.875356 8.433291
6.881512 7.731994
6.887669 7.14701
6.893825 6.655662
6.906138 5.88393
6.91845 5.311385
6.930763 4.872584
6.943076 4.52688
6.955389 4.24829
6.967701 4.019642
6.992327 3.668426
7.016952 3.414106
7.041577 3.22503
7.066202 3.08297
7.100168 2.943525
7.134134 2.852392
7.1681 2.799103
7.202065 2.779987
7.236032 2.794895
7.269998 2.846256
7.303964 2.940568
7.33793 3.092519
7.361707 3.246634
7.385483 3.455321
7.409259 3.740646
7.433035 4.140479
7.444923 4.402921
7.456811 4.723805
7.468699 5.122749
7.480587 5.629173
7.492475 6.288543
7.498419 6.696539
7.504363 7.172353
7.510307 7.731399
7.516251 8.392798
7.522195 9.180008
7.528139 10.12138
7.532385 10.90666
7.536631 11.80161
7.540877 12.82153
7.545123 13.98292
7.549369 15.30324
7.553615 16.80055
7.557861 18.49303
7.562106 20.39782
7.566352 22.53215
7.570598 24.90968
7.579089 30.43259
7.587581 36.99507
7.596072 44.51699
7.614753 63.17346
7.624094 72.42745
7.633434 80.59069
7.639826 85.12414
7.646217 88.53006
7.652609 90.62853
7.659 91.30518
7.664543 90.71139
7.670085 89.04724
7.675628 86.38289
7.68117 82.82906
7.691275 74.53557
7.70138 64.76625
7.721589 44.7645
7.730316 37.14235
7.739043 30.53079
7.74777 25.00691
7.752133 22.64532
7.756496 20.53565
7.76086 18.66201
7.765223 17.00756
7.769586 15.55295
7.773949 14.27892
7.778313 13.16621
7.782676 12.1971
7.791402 10.62184
7.797833 9.714073
7.804263 8.976201
7.810693 8.375336
7.817123 7.884977
7.829983 7.155794
7.842843 6.668672
7.853866 6.387966
7.864889 6.203441
7.875912 6.097418
7.886935 6.059058
7.905307 6.130784
7.923679 6.368916
7.942051 6.791643
7.960423 7.446307
7.969609 7.887264
7.978795 8.426897
7.987981 9.091156
7.997167 9.916794
8.006353 10.95619
8.015539 12.28401
8.024725 14.00573
8.029318 15.05812
8.03391 16.26725
8.038274 17.58567
8.042637 19.09462
8.047001 20.82325
8.051364 22.80205
8.055728 25.06583
8.060091 27.64955
8.064454 30.59107
8.068817 33.92815
8.073181 37.6986
8.077544 41.93507
8.081908 46.66954
8.086271 51.92339
8.094998 64.04161
8.103724 78.25776
8.113829 96.96118
8.123933 117.1586
8.134038 137.3875
8.144142 155.7806
8.147816 161.6226
8.154112 170.1938
8.160408 176.6
8.166704 180.5235
8.173 181.7655
8.182411 178.526
8.191822 169.5662
8.201245 155.863
8.210668 138.8546
8.229514 101.2585
8.236515 87.86061
8.243516 75.43096
8.250517 64.21517
8.257517 54.34131
8.264518 45.83192
8.271518 38.63626
8.278519 32.645
8.285519 27.72116
8.292958 23.4882
8.300396 20.11037
8.307834 17.42293
8.315272 15.28332
8.32271 13.57283
8.330148 12.19579
8.337586 11.07704
8.345024 10.15864
8.352463 9.39639
8.359901 8.757143
8.374777 7.752823
8.389653 7.008603
8.404529 6.443498
8.423781 5.898457
8.443033 5.502998
8.462285 5.21568
8.481536 5.010169
8.500788 4.869258
8.52004 4.781517
8.558543 4.737326
8.593547 4.828084
8.62855 5.036805
8.663553 5.371943
8.698556 5.857038
8.733559 6.535001
8.751061 6.96727
8.768562 7.478115
8.786064 8.085049
8.803565 8.811674
8.821067 9.690575
8.838568 10.76687
8.855195 12.0306
8.871821 13.61047
8.888448 15.62757
8.896761 16.85595
8.905074 18.27405
8.913388 19.92718
8.921701 21.87502
8.930014 24.19855
8.938327 27.00705
8.946641 30.44869
8.954954 34.72115
8.963267 40.08779
8.97158 46.88981
8.975956 51.18885
8.980331 56.07505
8.984707 61.63051
8.989082 67.93879
8.993458 75.09401
8.997833 83.18762
9.002208 92.31713
9.006583 102.5769
9.010959 114.0591
9.015334 126.8383
9.01971 140.9866
9.024085 156.5443
9.032836 191.9606
9.041586 232.868
9.050337 278.4285
9.059088 327.06
9.068365 379.3899
9.077641 429.098
9.086917 472.3261
9.096193 505.3188
9.104597 523.7696
9.113 529.7912
9.121404 522.903
9.129643 504.1734
9.137881 475.06
9.146119 437.7319
9.154357 394.7868
9.16586 330.5382
9.177363 267.2885
9.188866 210.0272
9.194618 184.6149
9.200369 161.6099
9.205783 142.1944
9.211196 124.9226
9.216609 109.7007
9.222022 96.39743
9.227436 84.85243
9.232849 74.89657
9.238262 66.3497
9.243675 59.03739
9.249089 52.79341
9.254502 47.468
9.259915 42.92319
9.265328 39.03842
9.270742 35.70856
9.276155 32.84539
9.281568 30.37265
9.286981 28.22702
9.297808 24.71541
9.308634 21.99098
9.319461 19.83614
9.330287 18.10394
9.341114 16.69272
9.35194 15.53172
9.362766 14.56988
9.373592 13.76989
9.387125 12.95576
9.400658 12.31152
9.414191 11.80856
9.427724 11.42627
9.45479 10.96926
9.481855 10.87092
9.503508 11.03582
9.525161 11.42663
9.546814 12.07268
9.568467 13.02948
9.579294 13.65206
9.59012 14.39228
9.600947 15.27278
9.611773 16.32317
9.6226 17.58371
9.633426 19.10924
9.644252 20.9772
9.655078 23.29858
9.666582 26.44437
9.672334 28.36337
9.678085 30.57399
9.683837 33.13568
9.689588 36.11856
9.69534 39.6089
9.701091 43.7066
9.706843 48.53152
9.712594 54.21837
9.718346 60.92327
9.724097 68.81409
9.729849 78.07644
9.7356 88.89698
9.741352 101.4684
9.747103 115.9634
9.753532 134.6324
9.75996 156.0444
9.766388 180.2601
9.772816 207.2145
9.785673 268.3097
9.798529 335.4722
9.813415 411.9941
9.820858 445.8292
9.8283 474.3889
9.83965 504.3451
9.845325 512.0529
9.851 514.5037
9.856675 511.6161
9.86235 503.4979
9.873082 475.0044
9.883813 432.4154
9.894544 380.5082
9.905275 324.4862
9.91909 253.8657
9.925997 221.3884
9.932904 191.6521
9.939811 165.0048
9.946718 141.5879
9.953625 121.3731
9.960532 104.205
9.965466 93.67515
9.970399 84.47528
9.975333 76.49118
9.980266 69.61438
9.9852 63.73313
9.990133 58.74658
9.995067 54.55716
10.0 51.07986
