1.0E-4  12545.59
1.0625E-4  12170.63
1.125E-4  11827.36
1.1875E-4  11511.55
1.25E-4  11219.72
1.375E-4  10696.91
1.5E-4  10240.86
1.625E-4  9838.471
1.75E-4  9479.974
1.875E-4  9157.925
2.0E-4  8866.538
2.1875E-4  8477.185
2.375E-4  8134.859
2.5625E-4  7830.79
2.75E-4  7558.34
2.9375E-4  7312.379
3.125E-4  7088.871
3.3125E-4  6884.593
3.5E-4  6696.933
3.875E-4  6363.277
4.25E-4  6074.742
4.625E-4  5821.985
5.0E-4  5598.165
5.3125E-4  5430.008
5.625E-4  5276.033
5.9375E-4  5134.348
6.25E-4  5003.399
6.875E-4  4768.742
7.5E-4  4563.978
8.125E-4  4383.244
8.75E-4  4222.17
9.375E-4  4077.424
0.001  3946.415
0.0010625  3827.093
0.001125  3717.813
0.0011875  3617.237
0.00125  3524.262
0.001375  3357.605
0.0015  3212.119
0.001625  3083.653
0.00175  2969.113
0.001875  2866.142
0.002  2772.907
0.0021875  2648.215
0.002375  2538.473
0.0025625  2440.904
0.00275  2353.405
0.0029375  2274.35
0.003125  2202.458
0.0033125  2136.703
0.0035  2076.255
0.0036875  2020.43
0.003875  1968.662
0.00425  1875.481
0.004625  1793.737
0.005  1721.259
0.0053125  1666.753
0.005625  1616.806
0.0059375  1570.812
0.00625  1528.273
0.006875  1451.954
0.0075  1385.244
0.008125  1326.272
0.00875  1273.654
0.009375  1226.334
0.01  1183.489
0.010625  1144.461
0.01125  1108.725
0.011875  1075.849
0.0125  1045.478
0.013125  1017.31
0.01375  991.088
0.015  943.6413
0.01625  901.7615
0.0175  864.4603
0.01875  830.9925
0.02  800.7674
0.021325  771.7401
0.02265  745.3669
0.023975  721.2817
0.0253  699.1845
0.02665079  678.4449
0.02800157  659.2919
0.02935235  641.5432
0.03070313  625.0464
0.03205391  609.6727
0.03340469  595.3132
0.03610625  569.2721
0.03880782  546.2672
0.04150938  525.7487
0.04421094  507.3301
0.0469125  490.7335
0.05  473.6951
0.053125  458.2556
0.05625  444.3846
0.059375  431.8806
0.0625  420.5785
0.065625  410.3413
0.06875  401.0553
0.071875  392.6255
0.075  384.9759
0.078125  378.048
0.08125  371.7843
0.0875  360.9769
0.09375  352.1906
0.1  345.2439
0.10625  339.9758
0.1125  336.2693
0.11875  334.0496
0.125  333.2791
0.13125  333.9539
0.1375  336.1028
0.14375  339.788
0.15  345.1073
0.15625  352.1965
0.1625  361.2236
0.16875  372.4077
0.171875  378.9117
0.175  386.0936
0.178125  394.0082
0.18125  402.7128
0.184375  412.2714
0.1875  422.7583
0.190625  434.2587
0.19375  446.8707
0.196875  460.7068
0.2  475.8969
0.2035549  495.0142
0.2071097  516.3335
0.2106645  540.155
0.2142193  566.8321
0.2177741  596.7845
0.2213289  630.5142
0.2231063  648.9794
0.2248837  668.624
0.2266611  689.5432
0.2284385  711.8413
0.2315086  753.9485
0.2345787  801.2
0.2361138  827.0028
0.2376488  854.4047
0.2391838  883.5333
0.2407188  914.5269
0.2422539  947.5392
0.2437889  982.7332
0.2453239  1020.295
0.2468589  1060.426
0.248394  1103.353
0.249929  1149.315
0.251464  1198.583
0.252999  1251.452
0.2542916  1299.001
0.2560691  1369.313
0.2578465  1445.864
0.2596239  1529.306
0.2614013  1620.344
0.2631787  1719.74
0.2649561  1828.311
0.2667335  1946.911
0.2685109  2076.417
0.2702883  2217.7
0.2720657  2371.579
0.2738431  2538.765
0.2756205  2719.787
0.2773979  2914.899
0.2791753  3123.968
0.2809527  3346.35
0.28273  3580.752
0.2846525  3845.474
0.2865749  4118.152
0.2884973  4393.844
0.2904197  4666.365
0.2923422  4928.472
0.2942646  5172.096
0.296187  5388.861
0.2981094  5570.576
0.2998571  5699.121
0.3016047  5788.009
0.3033524  5833.975
0.3051  5835.264
0.3063234  5809.466
0.3075468  5762.146
0.3087702  5694.142
0.3099935  5606.647
0.3112169  5501.138
0.3124402  5379.375
0.3136636  5243.277
0.3148869  5094.933
0.3169653  4820.832
0.3190436  4527.928
0.321122  4225.945
0.3232003  3923.473
0.3252787  3627.531
0.327357  3343.557
0.3294354  3075.336
0.3315137  2825.278
0.3333671  2618.573
0.3352205  2427.451
0.3370739  2251.655
0.3389272  2090.608
0.3407806  1943.493
0.3426339  1809.395
0.3444873  1687.31
0.3463406  1576.248
0.348194  1475.22
0.3500473  1383.309
0.3519007  1299.635
0.353754  1223.407
0.3556074  1153.885
0.3574607  1090.414
0.359314  1032.393
0.3611673  979.2861
0.3625995  941.3056
0.3640316  905.7731
0.3654638  872.4998
0.3668959  841.3217
0.3683281  812.0798
0.3697602  784.6369
0.3711923  758.8612
0.3726244  734.6343
0.3740566  711.8459
0.3754887  690.3998
0.378353  651.1714
0.3812173  616.3068
0.3840815  585.2659
0.3859349  566.9981
0.3877882  550.0303
0.3896416  534.2629
0.3914949  519.6095
0.3933483  505.9888
0.3952016  493.3303
0.397055  481.5672
0.3989083  470.6419
0.402615  451.0927
0.4063217  434.3122
0.4100284  419.9962
0.413735  407.8958
0.4167678  399.4997
0.4198006  392.3587
0.4228334  386.3965
0.4258661  381.5513
0.4288989  377.7729
0.4319316  375.0231
0.4349644  373.2742
0.4379971  372.5086
0.4406929  372.647
0.4433887  373.557
0.4460845  375.2454
0.4487802  377.7251
0.451476  381.0158
0.4541718  385.1435
0.4568676  390.1412
0.4595633  396.0499
0.46327  405.7545
0.4669767  417.4345
0.4706834  431.2882
0.4743901  447.562
0.4780968  466.5604
0.4818035  488.6575
0.4855102  514.309
0.4873636  528.6359
0.4892169  544.0654
0.4919127  568.6589
0.4946085  596.0728
0.5  660.8157
0.5063288  758.0065
0.5094932  817.5876
0.5126575  886.3076
0.5158219  965.9102
0.5189863  1058.489
0.5221507  1166.533
0.525315  1292.943
0.5294999  1493.976
0.5336847  1741.171
0.5378696  2042.413
0.539962  2215.113
0.5420544  2402.881
0.5441469  2605.37
0.5462393  2821.54
0.5483317  3049.579
0.5504241  3286.756
0.554609  3772.759
0.5587938  4238.89
0.5621954  4567.947
0.5655969  4821.683
0.5689985  4975.864
0.5724  5014.831
0.5764819  4904.739
0.5805638  4639.901
0.5846425  4257.408
0.5887212  3804.381
0.5927999  3327.753
0.5968786  2865.743
0.6009573  2443.85
0.605036  2074.977
0.6091147  1762.134
0.6131933  1502.0
0.6159676  1351.902
0.6187418  1220.835
0.6215161  1106.445
0.6242903  1006.543
0.6270646  919.1333
0.6298388  842.4674
0.632613  775.0178
0.6353872  715.4754
0.6409357  615.8125
0.6464841  536.434
0.6520326  472.2947
0.657581  419.7916
0.6631295  376.3181
0.668678  339.9567
0.6742265  309.2644
0.6797749  283.1397
0.6853234  260.7324
0.6908718  241.3838
0.6964203  224.5755
0.7019687  209.8936
0.7130656  185.6017
0.7241625  166.4268
0.7352594  151.025
0.7463563  138.5271
0.755868  129.6414
0.7653796  122.1161
0.7844029  110.2496
0.8034262  101.5947
0.8224494  95.36729
0.8414727  90.95429
0.860496  87.94364
0.8795193  86.19069
0.8985425  85.5816
0.9239069  86.46679
0.9492713  89.35248
0.9746357  94.4992
1.0  102.3502
1.016522  109.3545
1.033044  118.3468
1.049566  129.842
1.066088  144.5986
1.08261  163.6997
1.090871  175.3686
1.099132  188.8389
1.107393  204.5065
1.115654  222.8611
1.123915  244.5178
1.132175  270.2755
1.13995  299.2248
1.147725  333.9548
1.1555  376.0823
1.163275  427.8268
1.17105  492.3126
1.178825  574.0676
1.182713  623.4149
1.1866  679.8215
1.190488  744.7025
1.194375  819.7327
1.199235  931.0903
1.204094  1066.792
1.208954  1233.428
1.211384  1330.785
1.213813  1438.935
1.216243  1559.169
1.218673  1692.684
1.221103  1840.721
1.223532  2004.392
1.225962  2184.888
1.228391  2382.896
1.230821  2599.095
1.23325  2833.382
1.236272  3149.448
1.239294  3490.427
1.242316  3851.97
1.245338  4227.604
1.251382  4984.633
1.257425  5671.264
1.261019  6003.699
1.264613  6254.121
1.268207  6406.285
1.2718  6450.032
1.274675  6404.843
1.27755  6290.442
1.281484  6031.477
1.285417  5673.406
1.289351  5242.359
1.293284  4767.143
1.301151  3789.902
1.305085  3329.902
1.309018  2907.608
1.31198  2618.677
1.314942  2356.111
1.317904  2119.814
1.320866  1908.795
1.323828  1721.451
1.32679  1555.816
1.329752  1409.756
1.332713  1281.16
1.335675  1167.872
1.338637  1068.019
1.341599  979.8619
1.344561  901.8558
1.350485  771.0639
1.356408  666.885
1.361444  594.334
1.366479  533.3385
1.371514  481.6007
1.376549  437.3558
1.381585  399.2208
1.38662  366.1293
1.391655  337.2176
1.39669  311.804
1.406761  269.3883
1.416831  235.6476
1.426902  208.382
1.436972  186.056
1.445858  169.5599
1.454744  155.4673
1.46363  143.3398
1.472515  132.8376
1.481401  123.6915
1.490287  115.6903
1.508058  102.4509
1.52583  92.0271
1.543601  83.7078
1.561373  77.04175
1.579144  71.70453
1.60284  66.25322
1.626535  62.37497
1.65023  59.86619
1.673925  58.6679
1.688143  58.60944
1.70236  59.10464
1.716577  60.23604
1.730794  62.12685
1.743827  64.68979
1.756859  68.28813
1.769892  73.28536
1.782924  80.22603
1.789441  84.67533
1.795957  89.96723
1.802473  96.3023
1.808989  103.9486
1.815506  113.274
1.822022  124.7841
1.828538  139.1965
1.835054  157.53
1.840978  178.8118
1.846902  206.0381
1.849864  222.4875
1.852826  241.2199
1.855788  262.5721
1.858749  286.9015
1.861711  314.6125
1.864673  346.0937
1.867635  381.7311
1.870597  421.8747
1.873559  466.8069
1.876521  516.7054
1.882444  631.3181
1.884814  682.3505
1.891536  839.3959
1.898257  1004.014
1.904979  1157.235
1.9117  1276.576
1.91685  1332.259
1.922  1350.049
1.92715  1328.052
1.9323  1268.834
1.937175  1184.317
1.94205  1079.95
1.9518  845.6056
1.956675  730.7203
1.96155  624.6665
1.966425  530.4618
1.9713  449.3403
1.974888  397.9496
1.978475  353.2085
1.982063  314.5326
1.98565  281.2963
1.989238  252.809
1.992825  228.4349
1.996413  207.5575
2.0  189.6498
2.00528  167.7119
2.01056  149.9645
2.01584  135.4599
2.021119  123.4808
2.026399  113.481
2.031679  105.0541
2.036959  97.89013
2.042238  91.75306
2.052798  81.86155
2.063357  74.34294
2.073916  68.54197
2.084475  64.03061
2.095035  60.51951
2.105594  57.80992
2.116154  55.76155
2.126713  54.27518
2.137273  53.28006
2.147832  52.73163
2.163012  52.69453
2.178191  53.58791
2.19337  55.56043
2.208549  58.88528
2.216139  61.19195
2.223728  64.03821
2.231318  67.54372
2.238907  71.86948
2.246497  77.24061
2.254086  83.97003
2.261676  92.50567
2.269265  103.4803
2.276195  116.3873
2.283125  132.9967
2.28659  143.0501
2.290055  154.4931
2.29352  167.5091
2.296984  182.2827
2.300449  199.0089
2.303914  217.8559
2.307379  238.9655
2.310843  262.4245
2.317773  316.432
2.324702  378.8451
2.332621  456.4659
2.340216  529.9738
2.347811  592.9184
2.351609  617.3077
2.355406  635.509
2.359203  646.7195
2.363  650.4417
2.367707  644.4794
2.372413  627.3245
2.377119  600.2694
2.381825  565.2232
2.390687  485.6692
2.399549  401.3838
2.408411  324.4245
2.412842  290.9418
2.417273  261.3004
2.423837  224.4833
2.430401  195.5628
2.436965  173.4972
2.443528  157.132
2.450092  145.4046
2.456655  137.46
2.463219  132.6635
2.469782  130.6002
2.475616  130.8784
2.483639  134.4568
2.491661  141.9966
2.499683  154.2042
2.503694  162.4248
2.507705  172.3323
2.511717  184.1951
2.515728  198.3237
2.519739  215.0897
2.52375  234.9113
2.527761  258.2469
2.531772  285.578
2.535783  317.3804
2.539794  354.0842
2.545629  416.8772
2.551463  491.0513
2.557298  575.8053
2.563132  668.6987
2.571343  804.7821
2.579554  931.1576
2.58366  984.2854
2.587765  1027.32
2.59187  1058.141
2.595975  1075.159
2.599  1078.314
2.602782  1070.894
2.606563  1051.199
2.614125  978.9778
2.621579  875.3184
2.629033  754.4599
2.636487  630.9893
2.64394  516.2208
2.650421  428.8317
2.656902  354.9106
2.660143  323.0021
2.663383  294.3039
2.666624  268.601
2.669864  245.6797
2.673105  225.2801
2.676345  207.1653
2.679586  191.0808
2.682826  176.806
2.689307  152.8316
2.695788  133.7697
2.701621  119.8487
2.707454  108.31
2.713287  98.64952
2.71912  90.48111
2.724953  83.5088
2.730786  77.50489
2.736619  72.29301
2.742451  67.73612
2.754117  60.17133
2.765782  54.17919
2.777448  49.34272
2.789113  45.3784
2.802075  41.75239
2.815037  38.75499
2.827999  36.24136
2.840961  34.10657
2.853923  32.27485
2.866885  30.69043
2.892809  28.10041
2.918733  26.08633
2.944657  24.48585
2.970581  23.19309
2.996504  22.13709
3.032798  20.94735
3.069091  20.00333
3.105384  19.25132
3.141677  18.64978
3.177971  18.16904
3.214264  17.78881
3.250557  17.4954
3.28685  17.28024
3.328329  17.12469
3.3724  17.06484
3.41647  17.1215
3.460541  17.31322
3.504611  17.67345
3.548682  18.25587
3.570717  18.65418
3.592752  19.14701
3.614788  19.76156
3.636823  20.53013
3.658858  21.4955
3.680893  22.71902
3.69904  23.98186
3.717187  25.54887
3.735334  27.52117
3.75348  30.05128
3.762554  31.59455
3.771627  33.37365
3.7807  35.43921
3.789773  37.85608
3.798847  40.70933
3.80792  44.11137
3.816993  48.2166
3.826066  53.2405
3.83514  59.49288
3.844213  67.42627
3.84875  72.22438
3.853287  77.72069
3.857824  84.05409
3.86236  91.39236
3.866897  99.94411
3.871434  109.9542
3.875971  121.7139
3.880507  135.5579
3.885044  151.8754
3.88958  171.08
3.894117  193.6252
3.898653  219.9471
3.902218  243.5604
3.905782  269.9307
3.909347  299.2011
3.912911  331.4235
3.92004  404.6284
3.927169  488.2458
3.934408  580.4799
3.941647  674.5637
3.948886  763.1055
3.956125  837.7774
3.960344  871.6915
3.964563  896.848
3.968782  912.2406
3.973  917.2478
3.978625  907.5069
3.98425  879.7806
3.989369  840.6213
3.994487  790.5439