0.001001 115.6166
0.0010625 112.1659
0.001125 109.0069
0.0011875 106.1007
0.00125 103.4154
0.001375 98.60493
0.0015 94.40914
0.001625 90.70735
0.00175 87.40967
0.001875 84.44755
0.002 81.76772
0.0021875 78.18741
0.002375 75.0401
0.0025625 72.24506
0.00275 69.74116
0.0029375 67.48114
0.003125 65.42778
0.0033125 63.55137
0.0035 61.82784
0.003875 58.76388
0.00425 56.11479
0.004625 53.79476
0.005 51.74104
0.0053125 50.19868
0.005625 48.78693
0.0059375 47.48835
0.00625 46.28855
0.006875 44.13928
0.0075 42.26436
0.008125 40.60986
0.00875 39.13587
0.009375 37.81207
0.01 36.61486
0.010625 35.52549
0.01125 34.52878
0.011875 33.61225
0.0125 32.76556
0.01375 31.24863
0.015 29.92469
0.01625 28.75602
0.0175 27.71486
0.01875 26.77991
0.02 25.93439
0.021325 25.12097
0.02265 24.38043
0.023975 23.70273
0.0253 23.07971
0.02684375 22.41377
0.0283875 21.80349
0.031475 20.71973
0.0345625 19.78266
0.03765 18.96306
0.0407375 18.23903
0.043825 17.5935
0.0469125 17.01328
0.05 16.4881
0.053125 16.00429
0.05625 15.56199
0.059375 15.1561
0.0625 14.78203
0.06875 14.11153
0.075 13.52528
0.08125 13.00855
0.0875 12.54898
0.09375 12.13684
0.1 11.76456
0.10625 11.42618
0.1125 11.11696
0.11875 10.8334
0.125 10.57296
0.1375 10.10618
0.15 9.698386
0.1625 9.339878
0.175 9.021705
0.1875 8.737071
0.2 8.481528
0.21875 8.141301
0.2375 7.843031
0.25625 7.579919
0.275 7.345871
0.29375 7.13618
0.3125 6.947149
0.33125 6.775868
0.35 6.621061
0.3875 6.348535
0.425 6.116529
0.5 5.747675
0.625 5.322898
0.75 5.053213
0.875 4.892468
1.0 4.816979
1.125 4.817151
1.25 4.895605
1.375 5.063896
1.5 5.346943
1.625 5.78609
1.6875 6.087859
1.75 6.469946
1.8125 6.953106
1.875 7.572336
1.9375 8.380246
2.0 9.445916
2.036823 10.24522
2.073645 11.22884
2.110468 12.4465
2.14729 13.97772
2.184113 15.93445
2.202524 17.11946
2.220935 18.48357
2.239346 20.07148
2.257757 21.9352
2.276168 24.13917
2.294579 26.77004
2.312991 29.94643
2.331402 33.83126
2.349813 38.65239
2.368224 44.7345
2.37743 48.39104
2.386635 52.56219
2.395841 57.3539
2.405046 62.89895
2.414252 69.36996
2.423457 76.98671
2.432663 86.03977
2.441868 96.90985
2.451615 110.9761
2.461362 128.4991
2.471109 150.649
2.475983 163.9462
2.480856 179.0477
2.48573 196.2525
2.490603 215.8859
2.495477 238.3257
2.50035 263.9626
2.505224 293.2233
2.510097 326.5067
2.514971 364.2007
2.519844 406.5855
2.526342 470.676
2.53284 543.2464
2.538876 617.4068
2.544912 696.4506
2.550948 777.9357
2.556983 858.5933
2.563019 934.5503
2.569054 1001.545
2.57509 1055.441
2.581125 1092.611
2.59 1111.744
2.595547 1101.037
2.601094 1073.519
2.606641 1030.874
2.612188 975.5943
2.6237 833.9644
2.635211 679.4847
2.646722 535.0886
2.652478 471.1042
2.658233 413.6852
2.662837 372.5835
2.66744 335.6857
2.672043 302.7705
2.676646 273.5527
2.681249 247.7064
2.685852 224.8906
2.690455 204.7679
2.695058 187.0176
2.699662 171.3405
2.704265 157.4764
2.713471 134.2575
2.722677 115.8018
2.731883 100.9487
2.740578 89.45626
2.749273 79.88294
2.757968 71.82904
2.766662 64.99177
2.775357 59.13658
2.784051 54.08407
2.792746 49.69162
2.80144 45.84876
2.81883 39.47329
2.836219 34.43852
2.853608 30.39681
2.870997 27.10629
2.888387 24.39378
2.905776 22.13386
2.923165 20.23388
2.940554 18.62388
2.957944 17.24829
2.975333 16.0624
3.010111 14.13038
3.04489 12.64441
3.079668 11.487
3.114447 10.57449
3.149225 9.848456
3.190142 9.179732
3.231058 8.669762
3.271974 8.271884
3.31289 7.964177
3.394722 7.568534
3.476554 7.397393
3.56657 7.41093
3.656585 7.607242
3.7466 7.981639
3.836615 8.550737
3.92663 9.354541
4.016645 10.46648
4.061653 11.17462
4.10666 12.01393
4.151668 13.01349
4.196675 14.20625
4.235546 15.44718
4.274416 16.9522
4.313287 18.79792
4.352157 21.10281
4.391028 24.05188
4.410463 25.85275
4.429898 27.93666
4.449333 30.37575
4.468768 33.27243
4.488203 36.77148
4.507638 41.07845
4.524005 45.5499
4.540371 51.0722
4.556738 58.04887
4.564921 62.26764
4.573104 67.11437
4.581288 72.73402
4.589471 79.31264
4.597654 87.09506
4.605837 96.39904
4.61402 107.635
4.622203 121.3251
4.630386 138.1175
4.638569 158.7878
4.646241 182.4726
4.653913 211.1069
4.661585 245.419
4.669256 285.9808
4.676928 333.0845
4.6846 386.5461
4.692272 445.5664
4.699943 508.5991
4.707605 573.2621
4.715266 636.6151
4.722927 695.1701
4.730588 745.2622
4.741794 796.3174
4.747397 809.7243
4.753 814.2394
4.763188 799.4387
4.773375 757.3017
4.784807 684.7746
4.796238 596.5211
4.807669 504.2278
4.8191 417.4651
4.829988 345.5981
4.835432 314.4492
4.840875 286.6114
4.846319 262.0097
4.851763 240.4977
4.857207 221.8644
4.86265 205.866
4.868094 192.2356
4.873538 180.7154
4.884425 163.0299
4.895313 151.066
4.9062 143.4725
4.9196 138.7056
4.93635 138.2366
4.9531 142.7836
4.96985 151.9858
4.9866 166.1255
5.0 181.5727
5.01404 202.6227
5.028079 230.0374
5.042118 265.9405
5.049138 288.0202
5.056157 313.525
5.063177 343.1104
5.070196 377.5508
5.077216 417.7912
5.084235 464.9185
5.091255 520.2085
5.098274 585.0533
5.105294 660.981
5.112313 749.5017
5.120035 863.1522
5.127756 995.2925
5.135478 1146.757
5.143199 1317.199
5.150921 1504.862
5.158642 1706.086
5.174085 2125.014
5.185564 2417.747
5.197043 2658.013
5.208522 2814.607
5.22 2865.447
5.225038 2851.875
5.232339 2794.109
5.23964 2694.57
5.246941 2559.055
5.254241 2395.078
5.268843 2015.529
5.283444 1621.45
5.292123 1401.724
5.300802 1201.492
5.309481 1024.309
5.318159 871.2356
5.326838 741.4098
5.335516 632.831
5.344195 542.8239
5.352873 468.5858
5.359816 418.7146
5.366759 375.9453
5.373702 339.1722
5.380645 307.441
5.387588 279.9422
5.394531 255.9977
5.401474 235.044
5.408417 216.615
5.422303 185.8595
5.436189 161.3869
5.450075 141.5815
5.46396 125.3117
5.476689 112.8066
5.489418 102.1321
5.502147 92.94145
5.514875 84.96887
5.527604 78.00536
5.540333 71.88708
5.56579 61.68351
5.591248 53.56896
5.616705 47.01005
5.642162 41.63444
5.667619 37.17294
5.693077 33.42354
5.718534 30.23583
5.743992 27.50036
5.769449 25.137
5.794907 23.08274
5.820364 21.28681
5.871278 18.31185
5.922193 15.96549
5.973108 14.08251
6.024023 12.55056
6.074937 11.29368
6.135109 10.07181
6.195281 9.062441
6.255453 8.225201
6.315625 7.524799
6.375797 6.933587
6.435969 6.430571
6.556313 5.628124
6.676657 5.026339
6.797001 4.576004
6.917345 4.218073
7.037688 3.940024
7.148775 3.73912
7.259862 3.579756
7.482035 3.357733
7.704209 3.237067
7.926382 3.195255
8.16707 3.227756
8.407758 3.334118
8.648446 3.505989
8.889134 3.781957
9.129822 4.180204
9.250166 4.440515
9.37051 4.754484
9.490854 5.135699
9.611198 5.602703
9.731542 6.182177
9.851885 6.903643
9.925943 7.445309
10.0 8.091582
