1.0E-4  376.1952
1.0625E-4  365.0696
1.125E-4  354.8869
1.1875E-4  345.5211
1.25E-4  336.8686
1.375E-4  321.3734
1.5E-4  307.8632
1.625E-4  295.948
1.75E-4  285.3373
1.875E-4  275.8095
2.0E-4  267.1924
2.1875E-4  255.6838
2.375E-4  245.5711
2.5625E-4  236.5935
2.75E-4  228.5536
2.9375E-4  221.2991
3.125E-4  214.71
3.3125E-4  208.6906
3.5E-4  203.1633
3.875E-4  193.3421
4.25E-4  184.8559
4.625E-4  177.4275
5.0E-4  170.8542
5.3125E-4  165.9187
5.625E-4  161.4019
5.9375E-4  157.2477
6.25E-4  153.4101
6.875E-4  146.5381
7.5E-4  140.5467
8.125E-4  135.2628
8.75E-4  130.5573
9.375E-4  126.3319
0.001  122.5103
0.0010625  119.032
0.001125  115.8485
0.0011875  112.9204
0.00125  110.2153
0.001375  105.3707
0.0015  101.1465
0.001625  97.42061
0.00175  94.10229
0.001875  91.12228
0.002  88.42679
0.0021875  84.82633
0.002375  81.66205
0.0025625  78.85251
0.00275  76.33609
0.0029375  74.06512
0.003125  72.00214
0.0033125  70.11718
0.0035  68.38601
0.003875  65.30898
0.00425  62.6491
0.004625  60.32001
0.005  58.25858
0.0053125  56.7106
0.005625  55.29386
0.0059375  53.9908
0.00625  52.78695
0.006875  50.63067
0.0075  48.74987
0.008125  47.09037
0.00875  45.61207
0.009375  44.2845
0.01  43.08398
0.010625  41.99165
0.01125  40.9923
0.011875  40.07338
0.0125  39.22453
0.01375  37.7038
0.015  36.37663
0.01625  35.20517
0.0175  34.16156
0.01875  33.22444
0.02  32.37696
0.021325  31.56167
0.02265  30.81943
0.023975  30.14018
0.0253  29.51572
0.02684375  28.84823
0.0283875  28.23652
0.031475  27.15018
0.0345625  26.21082
0.03765  25.38915
0.0407375  24.66321
0.043825  24.0159
0.0469125  23.43401
0.05  22.90725
0.053125  22.42192
0.05625  21.97815
0.059375  21.57084
0.0625  21.1954
0.06875  20.52226
0.075  19.93348
0.08125  19.41431
0.0875  18.95236
0.09375  18.5379
0.1  18.16334
0.10625  17.82272
0.1125  17.51127
0.11875  17.22552
0.125  16.96291
0.1375  16.49183
0.15  16.07979
0.1625  15.71707
0.175  15.39471
0.1875  15.10591
0.2  14.84621
0.21875  14.49977
0.2375  14.1953
0.25625  13.92599
0.275  13.68574
0.29375  13.46985
0.3125  13.2746
0.33125  13.09709
0.35  12.93605
0.3875  12.65099
0.425  12.40638
0.5  12.01203
0.625  11.54381
0.75  11.22921
0.875  11.02171
1.0  10.89723
1.125  10.8457
1.25  10.86902
1.375  10.97776
1.5  11.19547
1.625  11.56169
1.6875  11.82325
1.75  12.16171
1.8125  12.59724
1.875  13.16387
1.9375  13.91287
2.0  14.91179
2.036823  15.66702
2.073645  16.60187
2.110468  17.76531
2.14729  19.23558
2.184113  21.12307
2.202524  22.26976
2.220935  23.59256
2.239346  25.13567
2.257757  26.95055
2.276168  29.10104
2.294579  31.67306
2.312991  34.78431
2.331402  38.59655
2.349813  43.33624
2.368224  49.32631
2.37743  52.93221
2.386635  57.04924
2.395841  61.78295
2.405046  67.26576
2.414252  73.66985
2.423457  81.21459
2.432663  90.19015
2.441868  100.977
2.451615  114.9488
2.461362  132.3714
2.471109  154.4167
2.475983  167.6612
2.480856  182.7106
2.48573  199.8651
2.490603  219.4515
2.495477  241.8496
2.50035  267.4525
2.505224  296.6902
2.510097  329.9654
2.514971  367.6705
2.519844  410.0912
2.526342  474.2783
2.53284  547.0143
2.538876  621.4028
2.544912  700.7558
2.550948  782.6369
2.556983  863.7772
2.563019  940.2972
2.569054  1007.921
2.57509  1062.491
2.581125  1100.353
2.59  1120.47
2.595547  1110.322
2.601094  1083.294
2.606641  1041.054
2.612188  986.0881
2.6237  844.8051
2.635211  690.3111
2.646722  545.6478
2.652478  481.4732
2.658233  423.8442
2.662837  382.5675
2.66744  345.4935
2.672043  312.4042
2.676646  283.0168
2.681249  257.0074
2.685852  234.0359
2.690455  213.7656
2.695058  195.876
2.699662  180.068
2.704265  166.0811
2.713471  142.6393
2.722677  123.988
2.731883  108.9628
2.740578  97.32631
2.749273  87.62422
2.757968  79.45464
2.766662  72.51296
2.775357  66.56302
2.784051  61.42415
2.792746  56.95261
2.80144  53.03702
2.81883  46.53222
2.836219  41.38579
2.853608  37.24653
2.870997  33.86994
2.888387  31.08074
2.905776  28.75196
2.923165  26.78969
2.940554  25.12297
2.957944  23.6954
2.975333  22.46151
3.010111  20.44328
3.04489  18.88164
3.079668  17.65681
3.114447  16.6834
3.149225  15.90166
3.190142  15.17275
3.231058  14.60729
3.271974  14.15727
3.31289  13.80007
3.394722  13.31149
3.476554  13.05262
3.56657  12.97249
3.656585  13.0754
3.7466  13.35419
3.836615  13.82304
3.92663  14.5192