0.001065323 7171.087
0.001138794 6942.738
0.001217333 6722.115
0.001301288 6508.984
0.001391033 6303.104
0.001486967 6104.246
0.001589518 5912.194
0.001699141 5726.734
0.001816324 5547.662
0.00194159 5374.785
0.002075494 5207.91
0.002218633 5046.851
0.002371644 4891.441
0.002535208 4741.499
0.002710051 4596.87
0.002896954 4457.396
0.003096746 4322.924
0.003310317 4193.309
0.003538617 4068.416
0.003782663 3948.113
0.004043539 3832.274
0.004322407 3720.786
0.004620508 3613.527
0.004939167 3510.397
0.005279803 3411.281
0.005643932 3316.082
0.006033173 3224.699
0.006449258 3137.04
0.00689404 3053.021
0.007369496 2972.574
0.007877743 2895.633
0.008421042 2822.15
0.009001811 2752.089
0.009622632 2685.441
0.01028627 2622.079
0.01099568 2562.002
0.01175401 2505.182
0.01256464 2451.607
0.01343117 2401.286
0.01435747 2354.248
0.01534765 2310.539
0.01640613 2270.22
0.01783493 2224.63
0.01938278 2184.748
0.02107082 2150.502
0.02289951 2122.416
0.0248894 2100.784
0.0253 2097.344
0.02750337 2084.191
0.02940018 2079.343
0.03022166 2078.927
0.03266012 2083.189
0.03491256 2093.879
0.03732036 2111.909
0.0398942 2138.28
0.04264556 2174.254
0.04483913 2208.585
0.04713243 2249.826
0.0495568 2299.441
0.05209138 2358.092
0.05477082 2427.927
0.05757208 2509.997
0.05952425 2572.984
0.06154261 2643.406
0.06362941 2722.21
0.06578698 2810.501
0.0680177 2909.582
0.07032406 3020.99
0.07270863 3146.547
0.07517405 3288.423
0.07708582 3407.594
0.0790408 3538.396
0.08103973 3682.187
0.08308335 3840.509
0.08519626 4017.186
0.08735693 4212.619
0.08956618 4429.152
0.09182481 4669.433
0.09338162 4846.989
0.09493843 5034.885
0.09654803 5240.572
0.09815762 5458.418
0.0998218 5696.986
0.101486 5949.62
0.1032066 6226.056
0.1049272 6518.303
0.1067061 6837.216
0.1084851 7173.018
0.1103244 7537.4
0.1121636 7918.16
0.1150161 8536.682
0.1229483 10333.19
0.1250156 10781.07
0.1271173 11207.13
0.1287114 11502.91
0.1303411 11774.43
0.1319709 12008.96
0.1336374 12204.88
0.1353224 12352.68
0.1364458 12420.98
0.1376906 12467.04
0.1388862 12481.14
0.1403325 12458.16
0.1415171 12406.7
0.1427017 12326.28
0.1438862 12217.72
0.1450909 12079.63
0.1463157 11912.19
0.1475404 11719.39
0.1493775 11387.44
0.151277 10998.05
0.1531764 10571.17
0.1557519 9949.752
0.1623868 8267.39
0.165094 7598.696
0.1671933 7101.197
0.1692926 6626.55
0.1714156 6172.442
0.1728625 5878.669
0.1743095 5597.916
0.1757565 5330.217
0.177228 5071.249
0.178724 4821.433
0.18022 4584.843
0.1817161 4361.045
0.1832375 4146.065
0.1847842 3939.97
0.186331 3745.839
0.1878777 3563.054
0.1894507 3388.166
0.1910499 3221.071
0.1926491 3064.119
0.1942483 2916.677
0.1958747 2775.862
0.1975281 2641.515
0.1991815 2515.455
0.200835 2397.118
0.2025164 2284.148
0.2042259 2176.383
0.2059354 2075.258
0.2076449 1980.301
0.2093834 1889.608
0.2111509 1803.038
0.2129184 1721.74
0.2146858 1645.333
0.2164832 1572.284
0.2183106 1502.479
0.220138 1436.848
0.2219654 1375.089
0.2238238 1315.968
0.2257132 1259.396
0.2276026 1206.133
0.2294919 1155.941
0.2314133 1107.824
0.2333667 1061.715
0.2353202 1018.237
0.2372736 977.2063
0.2392601 937.8129
0.2412798 900.0067
0.2432994 864.3051
0.2453191 830.5628
0.247373 798.1201
0.2494612 766.9392
0.2515493 737.4519
0.2536375 709.5437
0.255761 682.6729
0.25792 656.8109
0.2600789 632.3189
0.2633174 597.9514
0.2655495 575.791
0.2688978 544.6849
0.272246 515.9193
0.2757078 488.4045
0.2791695 462.94
0.2826704 439.0786
0.2862496 416.4682
0.2898287 395.4964
0.2934888 375.5903
0.2971893 356.9034
0.3008898 339.5335
0.3047158 322.8353
0.3085418 307.3051
0.3124111 292.6823
0.3163668 278.7599
0.3203225 265.7858
0.3243677 253.4146
0.3284575 241.749
0.3325474 230.8582
0.3367759 220.3441
0.3410045 210.5246
0.3452808 201.2417
0.3496527 192.3686
0.3540246 184.0683
0.3584954 176.1243
0.3630156 168.6062
0.3675357 161.5631
0.3722092 154.7404
0.3768826 148.3477
0.3816089 142.2856
0.3864408 136.4743
0.3912727 131.0231
0.3962138 125.7916
0.4012096 120.8265
0.4062053 116.1613
0.4113704 111.6285
0.4165356 107.3688
0.4217591 103.318
0.4270994 99.42429
0.4324397 95.76245
0.4379007 92.23986
0.4452625 87.8174
0.4527492 83.66981
0.4603606 79.77981
0.4681011 76.12933
0.4759706 72.70368
0.4839736 69.48745
0.49211 66.46822
0.5003843 63.63293
0.5087966 60.97114
0.5173515 58.47136
0.526049 56.12397
0.534894 53.91891
0.5438864 51.84853
0.5530313 49.90478
0.5623286 48.08115
0.5717836 46.37052
0.5813962 44.76724
0.5911718 43.26519
0.6011104 41.85956
0.6112174 40.54513
0.621493 39.31785
0.6319428 38.17331
0.6425667 37.10813
0.6533708 36.11863
0.6643551 35.20206
0.6755255 34.35556
0.6868822 33.57738
0.6984314 32.86566
0.7101732 32.21804
0.722114 31.63134
0.7342539 31.10428
0.7465996 30.63647
0.7591512 30.22777
0.7719156 29.8778
0.7848927 29.58665
0.7980899 29.35457
0.8115071 29.18227
0.8307166 29.04287
0.8432176 29.01817
0.8575137 29.05376
0.8718097 29.15785
0.8865905 29.33691
0.9013713 29.58839
0.9166532 29.92591
0.9319352 30.34494
0.9477354 30.86749
0.9635355 31.4854
0.9798714 32.23062
0.9962073 33.09161
1.013097 34.11346
1.029987 35.28153
1.04745 36.65886
1.064912 38.22837
1.079936 39.75069
1.094961 41.45111
1.109985 43.35103
1.125009 45.47576
1.140034 47.85534
1.155058 50.52553
1.170082 53.52898
1.185106 56.91637
1.199877 60.68003
1.214647 64.94699
1.229417 69.8088
1.244187 75.37679
1.258957 81.78787
1.273727 89.21501
1.284805 95.58317
1.295882 102.7624
1.308472 112.0871
1.318882 120.9076
1.329292 130.924
1.339702 142.3613
1.350112 155.5063
1.360521 170.7268
1.370931 188.4938
1.378739 203.8476
1.386546 221.2905
1.393982 240.2068
1.401417 261.8026
1.408853 286.6103
1.416288 315.302
1.423724 348.7352
1.431159 388.0159
1.436736 422.1675
1.442313 461.1878
1.448447 510.8921
1.45328 556.0801
1.458113 607.6528
1.462947 666.8305
1.46778 735.1051
1.472613 814.2938
1.477446 906.5903
1.482279 1014.606
1.486555 1125.688
1.490272 1236.039
1.49399 1360.932
1.497708 1502.071
1.501426 1661.115
1.505144 1839.553
1.51072 2145.964
1.514438 2376.737
1.520386 2788.32
1.526335 3244.048
1.541578 4469.131
1.54827 4928.692
1.553289 5195.305
1.558308 5373.236
1.563327 5448.966
1.565 5450.249
1.570577 5368.054
1.576153 5160.796
1.58173 4847.998
1.587307 4457.12
1.606639 2917.734
1.612588 2491.309
1.618536 2114.712
1.624113 1810.045
1.62969 1550.79
1.635266 1332.953
1.640843 1151.301
1.64642 1000.313
1.650881 898.0757
1.656086 796.1855
1.661291 709.894
1.666496 636.4399
1.671701 573.5553
1.676906 519.3973
1.684713 451.3449
1.689918 413.0991
1.69661 370.65
1.703302 334.4175
1.71334 289.2874
1.723378 252.7394
1.733416 222.7294
1.743454 197.7784
1.753864 176.0887
1.764274 157.7783
1.774684 142.1801
1.790298 122.7919
1.805913 107.1294
1.821528 94.30187
1.840488 81.62992
1.861122 70.58497
1.881756 61.68391
1.90239 54.38076
1.923023 48.30512
1.947003 42.47713
1.977675 36.5008
2.008347 31.72822
2.039019 27.86415
2.059466 25.68735
2.100362 22.07692
2.144812 19.00898
2.189261 16.59156
2.23371 14.6557
2.27816 13.08399
2.337426 11.41386
2.403381 9.977708
2.469336 8.866179
2.535291 8.001112
2.601246 7.312282
2.674645 6.70925
2.784744 6.053614
2.894843 5.624943
3.011793 5.36561
3.128744 5.278491
3.261169 5.384488
3.349453 5.59048
3.437736 5.934532
3.52324 6.437177
3.605965 7.14392
3.668008 7.875188
3.730051 8.853015
3.771413 9.693404
3.826456 11.14074
3.867497 12.55885
3.908539 14.38804
3.949581 16.79881
3.976942 18.86045
4.004304 21.42343
4.031665 24.66582
4.052186 27.7046
4.072707 31.44786
4.093228 36.13498
4.113749 42.11565
4.127429 47.07346
4.14111 53.06353
4.155218 60.65645
4.169326 70.17957
4.183434 82.37198
4.19284 92.51986
4.202245 104.8246
4.211651 119.9349
4.219346 134.9866
4.228324 156.4859
4.237302 183.4162
4.24628 217.3078
4.255258 259.9471
4.264236 313.2459
4.272786 375.5453
4.281336 450.203
4.289887 537.4147
4.298437 636.0295
4.325798 982.3907
4.338624 1116.196
4.347174 1176.897
4.355725 1207.732
4.36 1210.871
4.36855 1192.219
4.377101 1142.291
4.389926 1020.148
4.407882 797.3151
4.425838 575.4487
4.434388 483.747
4.442939 404.1463
4.451489 336.9461
4.458757 289.0441
4.467735 240.2938
4.476713 201.3507
4.485691 170.3777
4.494669 145.7161
4.503647 125.9718
4.513052 109.3484
4.522457 95.90888
4.531863 84.90989
4.541268 75.79883
4.555376 64.80372
4.569485 56.18123
4.58573 48.36495
4.599411 43.08037
4.619932 36.77772
4.640453 31.90202
4.660974 28.05616
4.681495 24.97249
4.702016 22.46394
4.729377 19.7886
4.756738 17.6849
4.784099 16.00881
4.825141 14.08325
4.866183 12.67028
4.907225 11.62809
4.962803 10.64653
5.01838 10.03008
5.073958 9.691674
5.129535 9.581271
5.189953 9.695845
5.250371 10.0452
5.310788 10.6418
5.371206 11.5278
5.425927 12.63867
5.480648 14.12832
5.535368 16.12743
5.571849 17.84058
5.608329 19.95912
5.64481 22.60984
5.683479 26.20575
5.714123 29.83748
5.744766 34.41685
5.77541 40.30039
5.795839 45.20747
5.816268 51.16945
5.838156 59.11105
5.855667 67.01395
5.873178 76.77821
5.890688 89.06561
5.908199 104.8735
5.919872 118.1102
5.933005 136.5601
5.946138 160.1946
5.954894 179.8859
5.963649 203.7744
5.972404 233.09
5.98116 269.4405
5.989915 314.8829
5.99867 371.9692
6.007426 443.7336
6.016181 533.5787
6.024936 645.0196
6.033692 781.2494
6.040623 908.2175
6.048649 1076.932
6.060687 1370.997
6.09206 2245.441
6.105193 2553.82
6.115043 2716.395
6.124163 2797.622
6.13 2810.739
6.140944 2752.035
6.151888 2592.902
6.165021 2299.078
6.200772 1315.139
6.211716 1054.464
6.221931 848.1905
6.229592 717.786
6.237253 607.2029
6.244913 514.6787
6.252574 438.0397
6.2606 372.2804
6.268626 318.8697
6.276651 275.4931
6.284677 240.1569
6.292703 211.2061
6.300729 187.3043
6.312767 158.6705
6.321887 141.3459
6.332102 125.2885
6.347424 106.1354
6.362745 91.26479
6.378067 79.45314
6.393389 69.89402
6.407252 62.72238
6.424762 55.20376
6.442273 49.01518
6.468539 41.58721
6.494805 35.79147
6.521071 31.17771
6.552921 26.74174
6.581599 23.55551
6.610278 20.9471
6.653296 17.84205
6.696314 15.4384
6.739333 13.53677
6.7918 11.71596
6.839377 10.41601
6.886954 9.365328
6.958319 8.135501
7.029685 7.210063
7.10105 6.507394
7.174076 5.955155
7.25042 5.516772
7.352213 5.108592
7.454006 4.875269
7.555798 4.805956
7.639888 4.895509
7.702955 5.084369
7.766022 5.436589
7.808067 5.815249
7.850112 6.379204
7.881646 6.990231
7.90986 7.746089
7.936415 8.721049
7.954118 9.563938
7.971821 10.60255
7.989524 11.8725
8.007227 13.40032
8.033782 16.1728
8.082465 21.96497
8.106807 24.29669
8.125063 25.34119
8.14 25.61388
8.159916 25.11646
8.179832 23.73874
8.193109 22.45171
8.246218 16.33792
8.268347 14.08169
8.290476 12.22528
8.312605 10.76861
8.334734 9.657607
8.356863 8.822708
8.378992 8.199279
8.412185 7.549519
8.45423 7.0544
8.5007 6.775713
8.547171 6.681005
8.610238 6.754957
8.673305 7.004424
8.757395 7.573918
8.841485 8.42864
8.904484 9.295398
8.967349 10.41093
9.030214 11.86022
9.093078 13.77302
9.134988 15.40487
9.176898 17.42934
9.218807 19.98143
9.253039 22.59059
9.287271 25.83946
9.321502 29.96932
9.344323 33.38682
9.367145 37.51159
9.389966 42.55902
9.415069 49.5464
9.435608 56.79128
9.456147 65.94809
9.476686 77.78984
9.490378 87.74802
9.504071 99.94406
9.515482 112.3244
9.529174 130.6584
9.542867 153.9632
9.551995 173.0339
9.561124 195.5819
9.570252 222.2405
9.579381 253.6897
9.590221 298.2096
9.602772 360.8084
9.615324 436.3881
9.627876 525.2142
9.644421 660.3323
9.684358 1012.983
9.69805 1111.26
9.711743 1180.654
9.725436 1213.157
9.73 1214.982
9.742552 1196.465
9.755103 1145.406
9.767655 1066.936
9.780206 968.4452
9.821284 606.3274
9.834977 499.7655
9.84867 408.0039
9.858939 349.4678
9.869209 299.4423
9.880619 253.0009
9.889748 221.9856
9.898876 195.694
9.908005 173.4608
9.921697 146.3831
9.93539 125.2487
9.949083 108.6122
9.965057 93.42762
9.981032 81.58913
9.997007 72.20294
