1.0E-4  23116.52
1.0625E-4  22428.23
1.125E-4  21798.17
1.1875E-4  21218.59
1.25E-4  20683.08
1.375E-4  19723.9
1.5E-4  18887.41
1.625E-4  18149.52
1.75E-4  17492.29
1.875E-4  16902.03
2.0E-4  16368.1
2.1875E-4  15654.88
2.375E-4  15028.04
2.5625E-4  14471.47
2.75E-4  13972.97
2.9375E-4  13523.11
3.125E-4  13114.47
3.3125E-4  12741.13
3.5E-4  12398.3
3.875E-4  11789.11
4.25E-4  11262.7
4.625E-4  10801.94
5.0E-4  10394.24
5.3125E-4  10088.16
5.625E-4  9808.074
5.9375E-4  9550.515
6.25E-4  9312.627
6.875E-4  8886.754
7.5E-4  8515.619
8.125E-4  8188.469
8.75E-4  7897.288
9.375E-4  7635.968
0.001  7399.759
0.0010625  7184.905
0.001125  6988.391
0.0011875  6807.767
0.00125  6641.017
0.001375  6342.706
0.0015  6082.985
0.001625  5854.263
0.00175  5650.887
0.001875  5468.548
0.002  5303.896
0.0021875  5084.438
0.002375  4892.081
0.0025625  4721.757
0.00275  4569.63
0.0029375  4432.738
0.003125  4308.748
0.0033125  4195.798
0.0035  4092.381
0.003875  3909.422
0.00425  3752.288
0.004625  3615.609
0.005  3495.456
0.0053125  3405.801
0.005625  3324.225
0.00625  3181.155
0.006875  3059.64
0.0075  2955.076
0.008125  2864.147
0.00875  2784.392
0.009375  2713.931
0.01  2651.294
0.010625  2595.303
0.01125  2545.009
0.0125  2458.552
0.01375  2387.271
0.015  2328.006
0.01625  2278.502
0.0175  2237.08
0.01875  2202.463
0.02  2173.665
0.021325  2148.62
0.02265  2128.461
0.0253  2100.347
0.0283875  2084.311
0.031475  2083.128
0.0345625  2094.726
0.03765  2117.715
0.0407375  2151.234
0.04305313  2182.997
0.04536875  2220.344
0.04768438  2263.285
0.05  2311.901
0.053125  2386.777
0.05625  2472.812
0.059375  2570.762
0.0625  2681.591
0.065625  2806.467
0.06875  2946.756
0.071875  3104.067
0.0734375  3189.705
0.075  3280.372
0.0765625  3376.382
0.078125  3478.068
0.0796875  3585.778
0.08125  3699.878
0.0828125  3820.748
0.084375  3948.788
0.0859375  4084.423
0.0875  4228.1
0.0890625  4380.289
0.090625  4541.479
0.0921875  4712.174
0.09375  4892.892
0.0953125  5084.154
0.096875  5286.476
0.0984375  5500.362
0.1  5726.284
0.1016282  5974.969
0.1032563  6237.567
0.1048844  6514.374
0.1065125  6805.515
0.1081407  7110.927
0.1097688  7430.234
0.1113969  7762.798
0.113025  8107.576
0.114  8319.3
0.1152188  8588.766
0.1164375  8862.653
0.1176563  9139.879
0.118875  9419.082
0.1213125  9977.276
0.12375  10522.86
0.1261875  11038.69
0.128625  11505.55
0.1310625  11903.4
0.1322813  12070.35
0.1335  12212.95
0.1349625  12349.2
0.136425  12444.66
0.1378875  12497.14
0.13935  12505.19
0.1408125  12468.27
0.142275  12386.66
0.1437375  12261.54
0.1452  12094.9
0.1466625  11889.45
0.148125  11648.54
0.1495875  11375.99
0.15105  11076.0
0.153  10640.91
0.1556524  10002.2
0.1583047  9332.479
0.1609571  8654.176
0.1636094  7985.849
0.1662618  7341.565
0.1689141  6731.241
0.1715665  6160.968
0.1742188  5633.868
0.1765821  5201.202
0.1789454  4802.8
0.1813087  4437.318
0.1836719  4102.954
0.1860352  3797.595
0.1883985  3519.053
0.1907618  3265.118
0.193125  3033.646
0.1948438  2878.223
0.1965625  2732.856
0.1982813  2596.826
0.2  2469.486
0.2016114  2357.43
0.2032227  2251.989
0.2048341  2152.704
0.2064454  2059.172
0.2080568  1970.994
0.2096681  1887.823
0.2112794  1809.319
0.2128907  1735.173
0.2145021  1665.094
0.2161134  1598.824
0.2177247  1536.111
0.219336  1476.727
0.2209474  1420.453
0.2225587  1367.1
0.2257813  1268.422
0.229004  1179.367
0.2322266  1098.802
0.2354493  1025.735
0.2386719  959.3167
0.2418946  898.8001
0.2451172  843.5431
0.2483399  792.9786
0.2515625  746.6172
0.2544922  707.7516
0.2574219  671.7154
0.2603516  638.2538
0.2632813  607.1385
0.266211  578.164
0.2691407  551.1444
0.2720704  525.9113
0.275  502.3138
0.2782227  478.0816
0.2814454  455.5027
0.2846681  434.4351
0.2878907  414.7536
0.2911134  396.3437
0.294336  379.1044
0.2975587  362.9418
0.3007813  347.7725
0.304004  333.5188
0.3072266  320.1119
0.3104493  307.4874
0.3136719  295.5884
0.3168946  284.3615
0.3201172  273.7594
0.3233399  263.7374
0.3265625  254.2559
0.3324219  238.2824
0.3382813  223.778
0.3441407  210.5735
0.35  198.523
0.3564454  186.4496
0.3628907  175.4747
0.369336  165.473
0.3757813  156.3366
0.3822266  147.9717
0.3886719  140.297
0.3951172  133.2419
0.4015625  126.7454
0.4074219  121.2791
0.4132813  116.1933
0.4191407  111.4531
0.425  107.0263
0.434375  100.5282
0.44375  94.67316
0.453125  89.38623
0.4625  84.60328
0.471875  80.27221
0.48125  76.34406
0.5  69.47129
0.515625  64.5905
0.53125  60.4093
0.5625  53.56404
0.59375  48.269
0.625  44.18578
0.65625  41.03063
0.6875  38.60458
0.71875  36.76678
0.75  35.41721
0.796875  34.16106
0.84375  33.70226
0.875  33.8054
0.90625  34.23179
0.9375  34.9932
0.96875  36.11579
1.0  37.64483
1.035548  39.95618
1.071095  43.0054
1.106643  46.99414
1.14219  52.21659
1.177738  59.09874
1.195512  63.32185
1.213285  68.22231
1.231059  73.99368
1.248832  80.8233
1.266606  88.94983
1.284379  98.70504
1.301108  109.7815
1.317836  123.2192
1.334564  139.7202
1.351292  160.2496
1.36802  186.2335
1.376384  201.9259
1.384748  219.9003
1.393112  240.6257
1.401476  264.6893
1.40984  292.8397
1.418204  326.0485
1.427091  368.3141
1.435978  419.8119
1.444865  483.4183
1.453751  563.1993
1.458195  610.9131
1.462638  665.0488
1.467082  726.7866
1.471525  797.4867
1.475969  878.8374
1.480412  972.7569
1.484855  1081.534
1.489298  1207.747
1.492174  1300.069
1.495049  1401.653
1.497924  1513.341
1.500799  1635.924
1.503674  1770.131
1.506549  1916.593
1.509424  2075.782
1.512299  2247.958
1.515175  2433.168
1.51805  2630.92
1.5238  3060.684
1.52955  3525.295
1.5353  4004.333
1.542725  4597.427
1.55015  5093.107
1.557575  5418.419
1.561288  5499.411
1.565  5520.552
1.568713  5481.009
1.572425  5382.629
1.577585  5156.678
1.582744  4844.042
1.587903  4468.103
1.593062  4054.244
1.603381  3206.375
1.60854  2809.19
1.613699  2445.712
1.620824  2008.836
1.624386  1819.622
1.627948  1649.189
1.631511  1496.439
1.635073  1360.144
1.638635  1238.813
1.642197  1130.961
1.64576  1035.112
1.649322  949.9447
1.656446  806.6258
1.66357  692.3101
1.670694  600.2297
1.677027  532.86
1.68336  476.2449
1.689693  428.2661
1.696026  387.2807
1.702359  352.0053
1.708692  321.4296
1.715025  294.7517
1.721357  271.3341
1.734023  232.3013
1.746688  201.2828
1.759354  176.2252
1.772019  155.7073
1.783102  140.6611
1.794184  127.7868
1.805267  116.6845
1.816349  107.0452
1.827432  98.62263
1.838514  91.22396
1.860679  78.90095
1.882844  69.12001
1.905009  61.19501
1.927174  54.67198
1.949338  49.25131
1.974669  44.11964
2.0  39.88265
2.027256  36.08812
2.054511  32.90247
2.081767  30.20884
2.109022  27.91516
2.136278  25.94651
2.163533  24.24466
2.190789  22.76368
2.218044  21.46733
2.272555  19.31729
2.327066  17.62241
2.381577  16.28245
2.436088  15.17852
2.517855  13.87414
2.599621  12.88781
2.681388  12.13306
2.763154  11.55325
2.844921  11.11065
2.926687  10.78015
3.008453  10.54551
3.090219  10.39731
3.176528  10.33074
3.262837  10.35908
3.349146  10.49296
3.435455  10.75397
3.521764  11.18029
3.564919  11.47465
3.608073  11.83695
3.651228  12.27915
3.694382  12.81896
3.737537  13.49861
3.780691  14.35562
3.817032  15.2546
3.853373  16.36671
3.889714  17.76041
3.926054  19.53059
3.962395  21.81755
3.980565  23.22383
3.998735  24.85859