1.00101E-4 185.0189
1.0625E-4 179.4989
1.125E-4 174.4457
1.1875E-4 169.7969
1.25E-4 165.5014
1.375E-4 157.8067
1.5E-4 151.0954
1.625E-4 145.1745
1.75E-4 139.9001
1.875E-4 135.1626
2.0E-4 130.8767
2.1875E-4 125.1507
2.375E-4 120.1173
2.5625E-4 115.6472
2.75E-4 111.6428
2.9375E-4 108.0284
3.125E-4 104.7446
3.3125E-4 101.744
3.5E-4 98.98794
3.875E-4 94.08924
4.25E-4 89.85471
4.625E-4 86.14674
5.0E-4 82.86462
5.3125E-4 80.39966
5.625E-4 78.14334
5.9375E-4 76.06783
6.25E-4 74.15022
6.875E-4 70.71565
7.5E-4 67.72061
8.125E-4 65.07882
8.75E-4 62.72597
9.375E-4 60.61304
0.001 58.7019
0.0010625 56.9624
0.001125 55.37034
0.0011875 53.90604
0.00125 52.5533
0.001375 50.13086
0.0015 48.01888
0.001625 46.15639
0.00175 44.49795
0.001875 43.00893
0.002 41.6624
0.0021875 39.86441
0.002375 38.28497
0.0025625 36.88331
0.00275 35.62858
0.0029375 34.49688
0.003125 33.46944
0.0033125 32.53121
0.0035 31.67003
0.003875 30.14063
0.00425 28.82005
0.004625 27.66506
0.005 26.64414
0.0053125 25.87851
0.005625 25.17864
0.0059375 24.53574
0.00625 23.94252
0.006875 22.88183
0.0075 21.95874
0.008125 21.14615
0.00875 20.42404
0.009375 19.7772
0.01 19.19382
0.010625 18.66448
0.01125 18.18158
0.0125 17.33104
0.01375 16.60345
0.015 15.97193
0.01625 15.41775
0.0175 14.92711
0.01875 14.48937
0.02 14.0961
0.021325 13.72036
0.02265 13.38074
0.023975 13.07216
0.0253 12.79049
0.02684375 12.49177
0.0283875 12.2207
0.031475 11.74786
0.0345625 11.34856
0.03765 11.00655
0.0407375 10.71148
0.043825 10.4553
0.0469125 10.23156
0.05 10.03525
0.053125 9.860419
0.05625 9.706389
0.0625 9.451494
0.06875 9.252626
0.075 9.097539
0.08125 8.979598
0.0875 8.893007
0.09375 8.833328
0.1 8.797201
0.10625 8.782054
0.115625 8.794561
0.125 8.846744
0.1375 8.96933
0.15 9.147753
0.1625 9.382148
0.175 9.672987
0.1875 10.02251
0.2 10.43358
0.209375 10.78628
0.21875 11.18151
0.228125 11.62238
0.2375 12.11337
0.246875 12.65999
0.25625 13.26879
0.265625 13.94759
0.275 14.70569
0.2832032 15.44275
0.2914063 16.25731
0.2996094 17.1585
0.3078125 18.15909
0.3160157 19.27629
0.3242188 20.52779
0.3324219 21.93387
0.3365235 22.70262
0.340625 23.51999
0.3453125 24.51901
0.35 25.59385
0.3564454 27.21009
0.3628907 29.00816
0.369336 31.01631
0.3725587 32.10956
0.3757813 33.26858
0.379004 34.49884
0.3822266 35.80624
0.3854493 37.19747
0.3886719 38.67977
0.3918946 40.26138
0.3951172 41.95121
0.3983399 43.75945
0.4015625 45.69722
0.4044922 47.58192
0.4074219 49.59486
0.4103516 51.74811
0.4132813 54.05535
0.416211 56.53205
0.4191407 59.19574
0.4220704 62.06616
0.425 65.16555
0.4282227 68.8699
0.4314454 72.92073
0.4346681 77.36289
0.4378907 82.24865
0.4411134 87.63998
0.444336 93.60948
0.4475587 100.2443
0.4507813 107.6478
0.4523927 111.6763
0.454004 115.9456
0.4556153 120.4757
0.4572266 125.2887
0.458838 130.4091
0.4604493 135.8633
0.4620606 141.6817
0.4636719 147.8977
0.4652833 154.5494
0.4668946 161.6781
0.4685059 169.3316
0.4701172 177.5634
0.4717286 186.4346
0.4733399 196.013
0.4749512 206.3773
0.4765625 217.6167
0.4783204 230.9969
0.4800782 245.6919
0.481836 261.8796
0.4835938 279.7659
0.4853516 299.5906
0.4871094 321.6323
0.4879883 333.5837
0.4888672 346.2146
0.4897461 359.5735
0.490625 373.7123
0.4917969 393.8751
0.4929688 415.6673
0.4941407 439.2448
0.4953125 464.7741
0.4964844 492.4412
0.4976563 522.4383
0.5 590.2499
0.502335 669.6321
0.5046699 762.5789
0.5070048 870.7398
0.5093397 995.4005
0.5116747 1137.181
0.5140096 1295.652
0.5163445 1469.005
0.5186794 1653.736
0.5209695 1840.816
0.5232596 2026.985
0.5255497 2204.194
0.5278397 2363.616
0.5301298 2496.442
0.5324199 2594.732
0.53471 2652.315
0.537 2665.501
0.5396269 2625.097
0.5422538 2529.004
0.5448807 2385.393
0.5475075 2205.678
0.5523294 1824.96
0.5571512 1440.722
0.5595622 1264.364
0.5619731 1103.789
0.564384 960.6861
0.5667949 835.3314
0.5686584 750.1503
0.5705219 674.506
0.5723854 607.6256
0.5742489 548.6669
0.5761124 496.7753
0.5779759 451.1236
0.5798394 410.9384
0.5817028 375.5172
0.5835663 344.2268
0.5854298 316.5158
0.5891568 269.9721
0.5928838 232.7844
0.5966107 202.6809
0.5998992 180.6677
0.6031877 162.0267
0.6064762 146.1093
0.6097647 132.4136
0.6130532 120.5468
0.6163417 110.1981
0.6196302 101.1189
0.6229187 93.10856
0.6294957 79.67208
0.6360727 68.90745
0.6426497 60.14785
0.6492266 52.92782
0.6544883 48.03078
0.6597499 43.77081
0.6650115 40.04287
0.6702731 36.76248
0.6807963 31.28306
0.6913195 26.92058
0.7018427 23.39449
0.7123659 20.50919
0.7228891 18.1198
0.7334123 16.1134
0.7430586 14.54104
0.7527049 13.17917
0.7623512 11.99389
0.7719974 10.95687
0.7816437 10.04472
0.7912899 9.238433
0.8105824 7.883839
0.829875 6.798245
0.8491675 5.915684
0.86846 5.189129
0.8877525 4.584483
0.9017835 4.207352
0.9158144 3.875277
0.9438763 3.314118
0.9719382 2.859575
1.0 2.489819
1.027344 2.192221
1.054688 1.942656
1.082032 1.731884
1.109375 1.552432
1.136719 1.398495
1.164063 1.265554
1.191407 1.150035
1.21875 1.049085
1.25 0.948612
1.28125 0.8614189
1.3125 0.7853128
1.34375 0.7185548
1.375 0.6602459
1.4375 0.5621218
1.5 0.4832781
1.5625 0.4195301
1.625 0.3673313
1.6875 0.324107
1.75 0.2879537
1.8125 0.2574409
1.875 0.2314779
1.9375 0.2092222
2.0 0.1900891
2.09375 0.1659447
2.1875 0.1460855
2.28125 0.1296328
2.375 0.1158645
2.46875 0.1042377
2.5625 0.09433845
2.65625 0.08584694
2.75 0.07851309
2.84375 0.07213928
2.9375 0.06659947
3.125 0.05740312
3.3125 0.05013481
3.5 0.04432089
3.6875 0.03960172
3.875 0.03572126
4.0625 0.03249346
4.25 0.02978068
4.4375 0.02747941
4.625 0.02551846
5.0 0.02235187
5.3125 0.02028974
5.625 0.01861942
5.9375 0.01724548
6.25 0.01610475
6.875 0.01432476
7.5 0.01301322
8.125 0.01202062
8.75 0.01125121
9.375 0.0106433
10.0 0.01015681
11.25 0.009438525
12.5 0.008953566
13.75 0.00862873
15.0 0.008423324
16.25 0.00831725
17.5 0.008307037
18.75 0.008411584
20.0 0.008698276
20.76136 0.00906172
21.14204 0.009336006
21.52271 0.009724975
21.90339 0.01030196
22.09373 0.01071017
22.28407 0.01124518
22.47441 0.01192355
22.66475 0.01288137
22.85509 0.01425385
22.95026 0.01517308
23.04542 0.01630429
23.12404 0.01746345
23.20266 0.01890592
23.28128 0.02072275
23.3599 0.02305313
23.43852 0.02611164
23.47783 0.02801095
23.51714 0.03023031
23.55645 0.03284872
23.59576 0.03597576
23.63507 0.03976224
23.67437 0.04441333
23.70955 0.04954533
23.74472 0.05589459
23.77989 0.06389312
23.81506 0.07419824
23.83265 0.08052642
23.85023 0.08787611
23.86782 0.09651885
23.8854 0.1068176
23.90299 0.1193383
23.92057 0.1349354
23.93816 0.1550582
23.94695 0.1675111
23.95574 0.1821201
23.96454 0.1994917
23.97333 0.2203526
23.98213 0.2457483
23.99092 0.276906
23.99972 0.3155378
24.00851 0.3636192
24.0173 0.4237471
24.02609 0.4990411
24.03489 0.5933553
24.04368 0.7108572
24.05247 0.8566541
24.06126 1.03633
24.07006 1.256189
24.07885 1.522009
24.08764 1.840237
24.09643 2.216668
24.10471 2.628912
24.11298 3.09953
24.12126 3.631105
24.12953 4.221863
24.14194 5.213692
24.15435 6.31249
24.1709 7.881466
24.19056 9.740115
24.21021 11.34873
24.22159 12.06263
24.23297 12.56221
24.23504 12.6274
24.24252 12.79304
24.25 12.84612
24.26472 12.61928
24.2747 12.22658
24.28468 11.66162
24.30283 10.28269
24.32097 8.622601
24.3246 8.275149
24.33549 7.231052
24.35726 5.255364
24.36906 4.308391
24.38085 3.475758
24.39265 2.763558
24.39855 2.452745
24.40444 2.171571
24.41034 1.917885
24.41624 1.690724
24.42214 1.488428
24.42803 1.309493
24.43393 1.151452
24.43983 1.012745
24.44573 0.8915095
24.45162 0.786107
24.45752 0.6944599
24.46342 0.6151416
24.46932 0.5466513
24.47521 0.4877061
24.48111 0.4368608
24.48701 0.393104
24.49291 0.3554411
24.4988 0.3230462
24.5047 0.2950437
24.5106 0.2708274
24.5165 0.2498237
24.52239 0.2315702
24.53418 0.2015748
24.54597 0.178216
24.55777 0.1596217
24.56956 0.1445232
24.58136 0.1319891
24.59315 0.1214105
24.60495 0.1123265
24.61674 0.1044377
24.64032 0.09136518
24.66391 0.0809557
24.6875 0.07248079
24.71109 0.06546353
24.73468 0.05957466
24.75827 0.05457796
24.78186 0.05029835
24.80545 0.04660295
24.82903 0.04339021
24.87621 0.03809868
24.92339 0.03395053
24.97057 0.03063058
25.01774 0.02792714
25.08669 0.02479437
25.15564 0.02237488
25.22459 0.02047235
25.29354 0.01895512
25.36249 0.01772366
25.43144 0.01670203
25.56934 0.01512385
25.70724 0.01398955
25.84514 0.01315656
26.12093 0.01204827
26.35319 0.01144948
26.58544 0.01105221
27.04994 0.01059496
27.51445 0.01039357
27.97895 0.01034542
28.90797 0.0105105
29.83698 0.01091022
30.76599 0.01151798
31.695 0.01236708
32.62402 0.01354277
33.08853 0.01430321
33.55303 0.01522843
34.01754 0.01636661
34.48204 0.0177942
34.94655 0.01962815
35.41105 0.02203344
35.8175 0.02485148
36.02072 0.02662375
36.22394 0.02871268
36.42717 0.03120276
36.63039 0.03420928
36.83361 0.03789364
37.03683 0.04243396
37.15296 0.04554358
37.29086 0.04991498
37.42876 0.05517703
37.56666 0.06159265
37.70456 0.06954467
37.84246 0.07959666
37.91141 0.0856578
37.98036 0.09258053
38.04931 0.1005378
38.11826 0.1097886
38.18721 0.120699
38.25616 0.1337377
38.31786 0.147718
38.37955 0.1645378
38.44124 0.1851225
38.50293 0.2108579
38.56463 0.2439803
38.59548 0.264432
38.62632 0.2884212
38.65717 0.317086
38.68801 0.3521893
38.71886 0.3969117
38.73428 0.4246234
38.7497 0.4575162
38.76331 0.4923872
38.77692 0.5347339
38.79053 0.5872901
38.80414 0.6538773
38.81775 0.7397629
38.83136 0.8520764
38.83817 0.9210462
38.84497 1.000261
38.85177 1.091428
38.85857 1.196353
38.86538 1.317236
38.87218 1.455946
38.87899 1.615324
38.88579 1.797536
38.8926 2.005945
38.8994 2.242932
38.90621 2.512333
38.91301 2.816592
38.91982 3.159896
38.92662 3.54452
38.93343 3.974803
38.94023 4.452527
38.94704 4.9819
38.95384 5.563818
38.96744 6.894922
38.97833 8.125948
38.98922 9.502912
39.00011 11.01844
39.01099 12.65658
39.05453 19.90308
39.07449 23.10132
39.09445 25.80039
39.10625 27.04012
39.11804 27.9512
39.12529 28.33205
39.14 28.65787
39.1529 28.44076
39.16481 27.8339
39.17672 26.86545
39.19512 24.76262
39.21352 22.11324
39.25249 15.79648
39.27197 12.79921
39.29145 10.16604
39.30444 8.666269
39.31743 7.389612
39.33042 6.339726
39.34341 5.513102
39.35478 4.967186
39.36615 4.58185
39.37752 4.353894
39.38888 4.283612
39.40025 4.376288
39.40593 4.487122
39.41161 4.643733
39.4173 4.849263
39.42298 5.10629
39.42866 5.419018
39.43434 5.791946
39.44003 6.231029
39.44571 6.740496
39.45139 7.327455
39.45707 7.99893
39.46276 8.763981
39.46844 9.628129
39.47412 10.60136
39.4798 11.69285
39.48549 12.91444
39.49117 14.27168
39.50253 17.43929
39.5139 21.28091
39.52526 25.86445
39.53717 31.53882
39.54908 38.15275
39.56099 45.72552
39.57289 54.22757
39.5848 63.60153
39.5967 73.70444
39.62051 95.32951
39.64433 116.9809
39.66814 135.907
39.68113 144.0723
39.69412 150.1941
39.69629 150.9944
39.70251 152.9136
39.70872 154.2586
39.72 155.1949
39.7265 154.8402
39.74303 151.0434
39.75682 144.899
39.77061 136.4111
39.79443 117.6247
39.81824 96.04992
39.83955 76.61477
39.86085 58.71243
39.87151 50.66528
39.88216 43.34116
39.89281 36.76962
39.90346 30.95796
39.91412 25.88393
39.92477 21.51937
39.93543 17.80391
39.94608 14.68314
39.95674 12.08489
39.96739 9.946814
39.97804 8.200993
39.98337 7.455208
39.98869 6.786299
39.99402 6.184975
39.99935 5.646181
40.01 4.73347
40.02065 4.004295
40.0313 3.422428
40.04196 2.957286
40.05261 2.584982
40.06326 2.285056
40.07391 2.041606
40.08331 1.863594
40.09271 1.712999
40.10211 1.584415
40.11151 1.47356
40.13031 1.292251
40.14911 1.149819
40.16791 1.034332
40.18671 0.9382946
40.20551 0.8568634
40.2243 0.7868244
40.2431 0.7258281
40.2619 0.6722534
40.2995 0.5826435
40.3371 0.5108555
40.37469 0.4522903
40.40979 0.406734
40.44488 0.3681201
40.47997 0.3350725
40.51506 0.3065554
40.55016 0.2817613
40.58525 0.260076
40.65543 0.2241075
40.72562 0.1956585
40.7958 0.1727114
40.86599 0.1538866
40.93617 0.1382583
41.01137 0.1242971
41.08657 0.1126121
41.16177 0.1027353
41.23696 0.09431407
41.31216 0.08707745
41.38736 0.08082434
41.53775 0.07066242
41.68815 0.06274755
41.83854 0.05646043
41.98894 0.05142533
42.13933 0.04734559
42.30978 0.04360722
42.48023 0.04059951
42.65068 0.03820037
42.82113 0.03624204
43.16203 0.0332336
43.50292 0.03121918
43.84382 0.02990738
44.18471 0.02912657
44.8665 0.02870405
45.50819 0.02932966
46.14988 0.03080788
46.79157 0.03312206
47.43325 0.03636706
48.07494 0.04075239
48.71663 0.04659714
49.03748 0.05023109
49.35832 0.05450854
49.67916 0.05953471
50.0 0.0654896
50.32319 0.07265424
50.64638 0.08130158
50.96957 0.09187061
51.29276 0.1049255
51.61595 0.1211407
51.77755 0.1309756
51.93914 0.1421705
52.10074 0.1549886
52.26233 0.1697582
52.42393 0.1868998
52.58552 0.2069494
52.75789 0.232336
52.93026 0.2629684
53.10263 0.3004056
53.27499 0.3467774
53.44736 0.4047944
53.53355 0.4395811
53.61973 0.4793829
53.70592 0.525154
53.7921 0.578039
53.87828 0.6395709
53.96446 0.7117517
54.05603 0.8030707
54.1476 0.9136336
54.23917 1.049273
54.33074 1.218086
54.42231 1.431727
54.4681 1.560654
54.51388 1.708266
54.55967 1.878627
54.60545 2.076728
54.65124 2.309154
54.69702 2.584311
54.7455 2.935057
54.79398 3.365352
54.84246 3.902235
54.8667 4.222587
54.89093 4.586222
54.91517 5.002446
54.93941 5.48289
54.96365 6.043759
54.98789 6.708237
55.01213 7.51129
55.03637 8.508492
55.06061 9.79195
55.07273 10.5863
55.08484 11.51729
55.09629 12.55712
55.10774 13.7931
55.11919 15.27672
55.13063 17.0714
55.14208 19.26195
55.14781 20.53718
55.15353 21.94849
55.15926 23.51721
55.16498 25.25586
55.1707 27.18681
55.17642 29.3317
55.18215 31.71854
55.18787 34.3647
55.1936 37.30737
55.19932 40.56633
55.20505 44.18532
55.21077 48.18626
55.21649 52.61185
55.22221 57.50099
55.22794 62.9046
55.23366 68.84688
55.23938 75.38162
55.2451 82.55528
55.25083 90.43001
55.25655 99.02726
55.26227 108.4097
55.26799 118.627
55.27574 133.8907
55.28348 150.8756
55.29122 169.7149
55.29896 190.5153
55.30569 210.2691
55.3131 233.8797
55.32051 259.4941
55.33195 303.0532
55.34339 351.5011
55.35821 421.3191
55.37302 498.3836
55.38716 577.6457
55.4013 660.9002
55.42957 830.984
55.46189 1009.007
55.47671 1076.061
55.49152 1129.684
55.51172 1176.901
55.53 1190.781
55.53179 1190.606
55.53681 1188.65
55.54182 1184.555
55.55185 1170.025
55.56477 1139.361
55.57768 1096.339
55.60047 995.0524
55.62326 870.6511
55.66277 634.6333
55.68252 521.237
55.70227 417.7535
55.71899 340.1875
55.7357 272.8566
55.74406 243.0657
55.75241 215.8617
55.76077 191.1073
55.76912 168.764
55.77748 148.6596
55.78584 130.688
55.7942 114.7043
55.80255 100.5734
55.81091 88.1078
55.81926 77.18489
55.82762 67.62941
55.83597 59.32107
55.84433 52.10409
55.85269 45.8618
55.86105 40.47638
55.8694 35.84509
55.87776 31.85913
55.88611 28.44036
55.89447 25.50239
55.90282 22.98321
55.91118 20.81615
55.91954 18.95159
55.9279 17.34378
55.93625 15.95493
55.94461 14.74809
55.95296 13.69762
55.96967 11.96747
55.98639 10.61273
56.0031 9.529049
56.01981 8.641894
56.03652 7.900302
56.05324 7.268566
56.06995 6.722683
56.10337 5.821771
56.13528 5.134911
56.16719 4.570257
56.1991 4.098264
56.231 3.698637
56.26291 3.356416
56.29481 3.060891
56.32672 2.803542
56.35862 2.578054
56.42244 2.202847
56.48625 1.905247
56.55006 1.665051
56.61387 1.468351
56.67465 1.31232
56.73542 1.180361
56.7962 1.067553
56.85697 0.970243
56.91775 0.885641
56.97852 0.8116768
57.03929 0.7466668
57.10006 0.6892424
57.22161 0.592817
57.34315 0.5155281
57.4647 0.4526071
57.58624 0.4007056
57.70171 0.3594036
57.81718 0.3244165
57.93265 0.2945504
58.04812 0.2686344
58.16359 0.2459539
58.27906 0.226076
58.51 0.1931201
58.74094 0.1671119
58.97188 0.146232
59.20282 0.1292204
59.43375 0.1151826
59.65254 0.1040342
59.87132 0.09455794
60.09011 0.08645268
60.30889 0.07957514
60.52768 0.07349359
60.74646 0.06816417
61.18403 0.05934299
61.6216 0.0524147
62.05917 0.046892
62.49674 0.04243694
62.9343 0.03880785
63.29894 0.03628531
63.66358 0.03413369
64.02822 0.03229846
64.39286 0.03079466
65.12214 0.02824423
65.85142 0.02637412
66.5807 0.0250286
67.30998 0.0241022
68.03926 0.02352327
68.76854 0.02324388
69.78954 0.02331172
70.81053 0.02385795
71.83153 0.02488126
72.85252 0.02647272
73.87352 0.02870696
74.89451 0.03172389
75.9155 0.03590925
76.426 0.03856359
76.93649 0.04172694
77.59285 0.04702616
77.92103 0.0504264
78.2492 0.05461841
78.57738 0.05991557
78.74147 0.06331676
78.90556 0.06748615
79.06965 0.07275241
79.23374 0.07967106
79.31579 0.08407885
79.39783 0.0894352
79.47987 0.09610226
79.56191 0.104624
79.62269 0.1126469
79.68346 0.1227745
79.74423 0.136002
79.77462 0.1442964
79.805 0.1541825
79.83539 0.1662901
79.86578 0.1816788
79.89617 0.2022358
79.91136 0.2154255
79.92655 0.2313582
79.94175 0.250904
79.95694 0.2751701
79.97213 0.3056535
79.98732 0.3442796
80.00252 0.393549
80.01771 0.4565074
80.0329 0.5370435
80.0405 0.5853737
80.04809 0.639869
80.06025 0.742011
80.0724 0.86527
80.08456 1.013597
80.09671 1.190878
80.10887 1.40189
80.12102 1.651052
80.13318 1.943738
80.14533 2.284497
80.15749 2.678841
80.16964 3.130796
80.1818 3.645295
80.19395 4.224948
80.20611 4.873178
80.21826 5.590132
80.23041 6.37601
80.24256 7.228753
80.26687 9.117426
80.29118 11.19728
80.3398 15.52632
80.36563 17.6207
80.39146 19.34147
80.40666 20.11294
80.42185 20.67163
80.434 20.95233
80.45 21.08519
80.46136 21.01346
80.48172 20.5459
80.49859 19.84807
80.51545 18.90108
80.54543 16.72809
80.5754 14.16139
80.63161 9.22502
80.65972 7.054712
80.67377 6.093014
80.68782 5.221604
80.70375 4.345105
80.71967 3.585837
80.7356 2.937408
80.75152 2.392421
80.75949 2.155186
80.76745 1.940163
80.77541 1.745648
80.78337 1.570234
80.79134 1.412336
80.7993 1.27097
80.80726 1.144588
80.81522 1.031896
80.82319 0.9315407
80.83115 0.8425998
80.83911 0.7638368
80.84707 0.6942206
80.85504 0.6327209
80.863 0.5786075
80.87096 0.5309872
80.87892 0.4891204
80.89485 0.4199886
80.91077 0.3666857
80.92669 0.3254711
80.94261 0.2934406
80.95386 0.2750979
80.9651 0.2595914
80.98758 0.2350694
81.01007 0.2167739
81.03255 0.2027033
81.05504 0.1915356
81.07752 0.1824349
81.12248 0.1684042
81.16745 0.1580482
81.21241 0.1501303
81.30234 0.1390864
81.39227 0.1321562
81.4822 0.1278176
81.57213 0.1252452
81.66206 0.1239478
81.82694 0.1238066
81.99181 0.1256073
82.32155 0.133312
82.65129 0.1452071
82.98103 0.1609302
83.31077 0.1808593
83.64051 0.2058943
83.97025 0.2374877
84.29999 0.2778466
84.52482 0.3120462
84.74965 0.353362
84.97448 0.4038592
85.1993 0.4660587
85.42413 0.5440337
85.53654 0.5911037
85.64895 0.644805
85.76137 0.7063674
85.87378 0.7773768
85.98619 0.8598851
86.0986 0.9565309
86.21851 1.079112
86.33842 1.227314
86.45833 1.40873
86.57823 1.633767
86.69814 1.917835
86.75809 2.089075
86.81804 2.285029
86.878 2.510843
86.93795 2.772841
86.9979 3.079234
87.05785 3.440692
87.10563 3.77753
87.15341 4.167704
87.20119 4.623492
87.24896 5.161063
87.29674 5.802708
87.32063 6.171655
87.34451 6.578817
87.3684 7.030521
87.38035 7.275339
87.39229 7.533906
87.40424 7.807857
87.41618 8.098087
87.42812 8.406356
87.44006 8.734417
87.45224 9.091558
87.46442 9.473875
87.4766 9.884271
87.48878 10.32617
87.49628 10.61568
87.50377 10.91933
87.50751 11.07677
87.51876 11.5757
87.53187 12.21065
87.53843 12.55281
87.54498 12.91255
87.55154 13.29256
87.5581 13.69407
87.56466 14.11904
87.57121 14.56895
87.57777 15.04761
87.58432 15.55628
87.59088 16.09953
87.59743 16.6791
87.60774 17.67572
87.61804 18.78935
87.62835 20.04197
87.63865 21.45446
87.64896 23.05694
87.65926 24.87829
87.66957 26.95929
87.67987 29.33901
87.68971 31.93884
87.69955 34.90772
87.70939 38.30165
87.71922 42.17945
87.72906 46.61948
87.73889 51.6909
87.74873 57.4904
87.75856 64.10059
87.7684 71.63758
87.77823 80.19634
87.78807 89.91197
87.7979 100.8887
87.80774 113.2782
87.81757 127.1883
87.82741 142.7824
87.83724 160.1631
87.8513 188.4141
87.86535 220.9539
87.8794 258.1146
87.89345 300.1407
87.90751 347.2187
87.92156 399.315
87.93561 456.3526
87.94966 518.0597
87.97027 616.0369
87.99088 720.8835
88.03209 938.1633
88.0602 1078.289
88.0883 1198.084
88.10891 1266.4
88.12951 1313.896
88.14476 1334.045
88.16 1340.672
88.17728 1331.607
88.19455 1305.322
88.21475 1254.197
88.23494 1183.811
88.26668 1043.215
88.29841 880.9032
88.33015 713.6544
88.36188 555.8683
88.37775 483.7828
88.39362 417.402
88.40949 357.2104
88.42535 303.4524
88.4405 258.0524
88.45565 218.2817
88.4708 183.8309
88.48594 154.3195
88.50109 129.2533
88.51623 108.1826
88.53138 90.59224
88.54652 76.03291
88.56167 64.04111
88.57682 54.22067
88.59197 46.20802
88.60711 39.68866
88.62226 34.38039
88.6374 30.05903
88.65255 26.52614
88.66769 23.62811
88.6814 21.44149
88.6951 19.59163
88.70881 18.01293
88.72251 16.65689
88.74992 14.45321
88.77732 12.74284
88.80473 11.37266
88.83214 10.24618
88.85955 9.300218
88.88695 8.492865
88.91436 7.794375
88.94177 7.184148
88.99658 6.170169
89.0514 5.363897
89.10621 4.710525
89.15814 4.198548
89.21007 3.767748
89.262 3.401504
89.31393 3.087241
89.36586 2.815292
89.41779 2.578156
89.46972 2.369975
89.52165 2.186139
89.62551 1.877504
89.72937 1.630219
89.83323 1.429055
89.93709 1.26318
90.03519 1.131826
90.13328 1.020096
90.23137 0.9243244
90.32946 0.8417114
90.42755 0.7699354
90.52564 0.7069884
90.72182 0.6018673
90.918 0.5184237
91.11418 0.451262
91.31036 0.3964123
91.50654 0.3510358
91.69119 0.3151243
91.87583 0.2844883
92.06047 0.258141
92.24511 0.2353186
92.42975 0.2154465
92.61439 0.1981665
92.98367 0.1692703
93.35295 0.1461495
93.72223 0.1275194
94.09151 0.1122893
94.46079 0.09967995
94.807 0.08973192
95.1532 0.08123667
95.4994 0.07392447
95.8456 0.06758561
96.1918 0.06205487
96.538 0.0572007
96.8842 0.05292335
97.2304 0.04922263
97.9228 0.0427779
98.6152 0.03758408
99.3076 0.03334176
100.0 0.02983591
100.7463 0.02670152
101.4926 0.02408354
102.2389 0.0218718
102.9852 0.01998475
103.7315 0.01836278
104.4778 0.01696052
105.9704 0.01468089
106.7167 0.01375187
107.463 0.01297207
108.9556 0.0115708
110.4482 0.01045296
111.9408 0.00955543
113.3268 0.008880704
114.7128 0.008314765
117.4847 0.007425705
120.2567 0.006790854
123.0286 0.006355188
125.8006 0.006038624
128.5725 0.005825958
131.3445 0.005704722
134.1164 0.005672431
137.7413 0.005798643
139.5538 0.005956185
141.3662 0.006210598
143.1787 0.006617735
144.0849 0.006892666
144.9911 0.007252337
145.8973 0.007743028
146.8035 0.00841361
147.7097 0.009356987
148.1628 0.009975223
148.6159 0.01074927
149.0157 0.01159366
149.4155 0.01264027
149.8153 0.01396004
150.2151 0.01564629
150.415 0.01666129
150.6149 0.01784384
150.8148 0.01922747
151.0147 0.02085194
151.2146 0.02277539
151.4145 0.02507656
151.6144 0.02786221
151.8143 0.03127894
151.9876 0.03490352
152.1608 0.03932169
152.3341 0.04480759
152.5073 0.05176941
152.594 0.05598427
152.6806 0.06080387
152.7672 0.06635538
152.8538 0.07279523
152.9405 0.08033385
153.0271 0.08921568
153.1137 0.09979639
153.2003 0.1125514
153.2803 0.126841
153.3603 0.1442999
153.4403 0.1659965
153.5202 0.1934746
153.5602 0.2101408
153.6002 0.2293079
153.6402 0.2515944
153.6801 0.2778265
153.7201 0.3095263
153.7601 0.3489435
153.8001 0.400112
153.8201 0.4321803
153.84 0.4700687
153.8617 0.520321
153.8834 0.5829949
153.9051 0.6623896
153.9267 0.7637489
153.9376 0.8256686
153.9484 0.8956425
153.9592 0.9755152
153.97 1.066777
153.9809 1.172145
153.9917 1.2916
154.0025 1.428173
154.0133 1.58424
154.0242 1.764202
154.035 1.967694
154.0458 2.199469
154.0566 2.463032
154.0675 2.765144
154.0783 3.104414
154.0891 3.487869
154.0999 3.920233
154.1108 4.411278
154.1216 4.957297
154.1324 5.568025
154.1432 6.249138
154.1541 7.013832
154.1649 7.854011
154.1757 8.782223
154.1865 9.80429
154.1982 11.024
154.2099 12.36734
154.2332 15.43513
154.2565 19.05817
154.2798 23.26017
154.3031 28.04204
154.3264 33.37633
154.3497 39.20275
154.373 45.42539
154.4263 60.38334
154.4796 74.50243
154.508 80.79322
154.5363 85.72455
154.558 88.40788
154.5688 89.35053
154.578 89.93782
154.5871 90.31923
154.6 90.51513
154.6052 90.47915
154.6222 89.90234
154.6527 87.15637
154.6776 83.41277
154.7025 78.51204
154.7468 67.66762
154.7911 55.3741
154.8299 44.55164
154.8687 34.50422
154.8881 29.94675
154.9075 25.7594
154.9269 21.966
154.9463 18.57555
154.9644 15.77248
154.9824 13.3183
155.0004 11.1792
155.0184 9.333244
155.0364 7.755506
155.0544 6.419385
155.0724 5.297785
155.0904 4.364074
155.1084 3.592826
155.1264 2.960352
155.1444 2.445062
155.1624 2.027644
155.1804 1.691134
155.1984 1.42086
155.2164 1.204322
155.2344 1.031019
155.2511 0.9012702
155.2677 0.7960572
155.2843 0.7098795
155.3009 0.638946
155.3176 0.5798642
155.3342 0.5308634
155.3508 0.489589
155.3674 0.4544807
155.4007 0.3979532
155.4339 0.354603
155.4672 0.3198509
155.5004 0.2912643
155.5337 0.2670171
155.5669 0.2461963
155.6334 0.2119365
155.6999 0.184905
155.7663 0.163096
155.8273 0.1464905
155.8882 0.1324618
155.9492 0.1204494
156.0101 0.1101077
156.0711 0.101107
156.132 0.09324707
156.2539 0.08019984
156.3758 0.06988943
156.4977 0.06159819
156.6196 0.05483271
156.7414 0.0492437
156.8966 0.04340903
157.0517 0.0386665
157.2068 0.03475617
157.3619 0.03149904
157.5171 0.02875778
157.6722 0.02643219
157.8273 0.0244421
157.9824 0.02272993
158.2927 0.01996079
158.6029 0.01780165
158.9132 0.01609022
159.2234 0.01472018
159.6445 0.01325971
160.0656 0.01213358
160.4867 0.0112489
160.9077 0.010547
161.7498 0.009517879
162.5919 0.00881097
163.4341 0.008317973
164.2762 0.00796746
165.9604 0.007542579
167.3788 0.007357538
168.7971 0.007275158
172.6975 0.007367552
176.5979 0.007720127
180.4983 0.008276696
184.3986 0.009044501
188.299 0.01002663
192.1993 0.01132392
194.1495 0.01209763
196.0997 0.01302956
198.0499 0.01408865
200.0 0.01529066
