1.0E-4  199.9933
1.0625E-4  194.2044
1.125E-4  188.9085
1.1875E-4  184.0397
1.25E-4  179.5436
1.375E-4  171.4968
1.5E-4  164.4864
1.625E-4  158.3083
1.75E-4  152.8104
1.875E-4  147.877
2.0E-4  143.4179
2.1875E-4  137.467
2.375E-4  132.2423
2.5625E-4  127.6076
2.75E-4  123.46
2.9375E-4  119.72
3.125E-4  116.3253
3.3125E-4  113.2259
3.5E-4  110.3814
3.875E-4  105.331
4.25E-4  100.9712
4.625E-4  97.15795
5.0E-4  93.78624
5.3125E-4  91.25622
5.625E-4  88.94204
5.9375E-4  86.81473
6.25E-4  84.85048
6.875E-4  81.33533
7.5E-4  78.27312
8.125E-4  75.57447
8.75E-4  73.17289
9.375E-4  71.01771
0.001  69.0696
0.0010625  67.29748
0.001125  65.67642
0.0011875  64.18616
0.00125  62.81006
0.001375  60.34726
0.0015  58.20164
0.001625  56.31068
0.00175  54.62782
0.001875  53.11762
0.002  51.75256
0.0021875  49.93073
0.002375  48.33119
0.0025625  46.91237
0.00275  45.64279
0.0029375  44.49814
0.003125  43.45928
0.0033125  42.51092
0.0035  41.64068
0.003875  40.09577
0.00425  38.76238
0.004625  37.59663
0.005  36.56652
0.0053125  35.7942
0.005625  35.08838
0.0059375  34.44014
0.00625  33.84209
0.006875  32.77301
0.0075  31.84288
0.008125  31.02427
0.00875  30.29696
0.009375  29.64557
0.01  29.05816
0.010625  28.52524
0.01125  28.03911
0.0125  27.18297
0.01375  26.45068
0.015  25.81513
0.01625  25.25742
0.0175  24.76367
0.01875  24.32314
0.02  23.92733
0.021325  23.54914
0.02265  23.20727
0.023975  22.8966
0.0253  22.61297
0.02684375  22.31213
0.0283875  22.03905
0.031475  21.56254
0.0345625  21.15988
0.03765  20.81474
0.0407375  20.51673
0.043825  20.25773
0.0469125  20.03129
0.05  19.83235
0.053125  19.65492
0.05625  19.49834
0.0625  19.23843
0.06875  19.03463
0.075  18.87464
0.08125  18.75178
0.0875  18.66024
0.09375  18.59554
0.1  18.55433
0.10625  18.534
0.115625  18.53854
0.125  18.58246
0.1375  18.69355
0.15  18.85985
0.1625  19.08141
0.175  19.3586
0.1875  19.69356
0.2  20.08908
0.209375  20.42938
0.21875  20.81149
0.228125  21.23847
0.2375  21.71473
0.246875  22.2457
0.25625  22.83785
0.265625  23.49887
0.275  24.23797
0.2832032  24.95728
0.2914063  25.75294
0.2996094  26.63398
0.3078125  27.61305
0.3160157  28.70714
0.3242188  29.93378
0.3324219  31.31308
0.3365235  32.06763
0.340625  32.87023
0.3453125  33.85161
0.35  34.90797
0.3564454  36.49727
0.3628907  38.26647
0.369336  40.24361
0.3725587  41.32047
0.3757813  42.46248
0.379004  43.67506
0.3822266  44.96407
0.3854493  46.33615
0.3886719  47.79851
0.3918946  49.35932
0.3951172  51.02746
0.3983399  52.81305
0.4015625  54.72713
0.4044922  56.58935
0.4074219  58.57885
0.4103516  60.70763
0.4132813  62.9893
0.416211  65.43928
0.4191407  68.07497
0.4220704  70.91606
0.425  73.98468
0.4282227  77.65337
0.4314454  81.66652
0.4346681  86.06878
0.4378907  90.91224
0.4411134  96.25866
0.444336  102.1804
0.4475587  108.7643
0.4507813  116.1135
0.4523927  120.1134
0.454004  124.3532
0.4556153  128.8527
0.4572266  133.634
0.458838  138.7216
0.4604493  144.1418
0.4620606  149.9249
0.4636719  156.1044
0.4652833  162.7181
0.4668946  169.8073
0.4685059  177.4198
0.4701172  185.6089
0.4717286  194.4359
0.4733399  203.9682
0.4749512  214.2846
0.4765625  225.4741
0.4783204  238.7976
0.4800782  253.4334
0.481836  269.5594
0.4835938  287.3814
0.4853516  307.139
0.4871094  329.1111
0.4879883  341.0268
0.4888672  353.6214
0.4897461  366.9434
0.490625  381.0448
0.4917969  401.157
0.4929688  422.8979
0.4941407  446.4236
0.4953125  471.9008
0.4964844  499.516
0.4976563  529.4615
0.5  597.1733
0.502335  676.4645
0.5046699  769.3354
0.5070048  877.4439
0.5093397  1002.086
0.5116747  1143.895
0.5140096  1302.455
0.5163445  1475.971
0.5186794  1660.952
0.5209695  1848.373
0.5232596  2034.981
0.5255497  2212.727
0.5278397  2372.774
0.5301298  2506.299
0.5324199  2605.34
0.53471  2663.696
0.537  2677.648
0.5396269  2638.072
0.5422538  2542.714
0.5448807  2399.715
0.5475075  2220.469
0.5523294  1840.23
0.5571512  1456.044
0.5595622  1279.594
0.5619731  1118.874
0.564384  975.5897
0.5667949  850.0321
0.5686584  764.6868
0.5705219  688.8769
0.5723854  621.8323
0.5742489  562.7134
0.5761124  510.6672
0.5779759  464.8676
0.5798394  424.5417
0.5817028  388.9871
0.5835663  357.5709
0.5854298  329.7414
0.5891568  282.9811
0.5928838  245.6018
0.5966107  215.3283
0.5998992  193.1809
0.6031877  174.4184
0.6064762  158.3906
0.6097647  144.5943
0.6130532  132.6355
0.6163417  122.2025
0.6196302  113.0456
0.6229187  104.9635
0.6294957  91.39894
0.6360727  80.5232
0.6426497  71.66635
0.6492266  64.36053
0.6544883  59.40184
0.6597499  55.08556
0.6650115  51.30599
0.6702731  47.97812
0.6807963  42.41426
0.6913195  37.97902
0.7018427  34.38959
0.7123659  31.44872
0.7228891  29.01019
0.7334123  26.95993
0.7430586  25.35126
0.7527049  23.95631
0.7623512  22.74081
0.7719974  21.67606
0.7816437  20.73841
0.7912899  19.90856
0.8105824  18.51187
0.829875  17.38976
0.8491675  16.47523
0.86846  15.72044
0.8877525  15.09069
0.9017835  14.697
0.9158144  14.34965
0.9438763  13.76104
0.9719382  13.28249
1.0  12.89164
1.027344  12.57581
1.054688  12.30991
1.082032  12.08444
1.109375  11.89168
1.136719  11.72564
1.164063  11.58163
1.191407  11.45597
1.21875  11.34568
1.25  11.2354
1.28125  11.1392
1.3125  11.0548
1.34375  10.98038
1.375  10.915
1.4375  10.80415
1.5  10.71412
1.5625  10.64051
1.625  10.57953
1.6875  10.52844
1.75  10.48519
1.8125  10.44822
1.875  10.41637
1.9375  10.38872
2.0  10.36463
2.09375  10.33372
2.1875  10.30778
2.28125  10.28583
2.375  10.26705
2.46875  10.25084
2.5625  10.23672
2.65625  10.22432
2.75  10.21335
2.84375  10.20358
2.9375  10.19487
3.125  10.17986
3.3125  10.16737
3.5  10.15682
3.6875  10.14776
3.875  10.13988